           0           0 -0.310843527    
         100           0 -0.308702528    
         200           0 -0.306681633    
         300           0 -0.307617426    
         400           0 -0.306913793    
         500           0 -0.305756271    
         600           0 -0.306358278    
         700           0 -0.305092573    
         800           0 -0.304412782    
         900           0 -0.303948164    
        1000           0 -0.301659942    
        1100           0 -0.302608252    
        1200           0 -0.302159727    
        1300           0 -0.300068200    
        1400           0 -0.300428212    
        1500           0 -0.298785508    
        1600           0 -0.298061013    
        1700           0 -0.298072338    
        1800           0 -0.296983957    
        1900           0 -0.298033893    
        2000           0 -0.297074556    
        2000         100 -0.301367283    
        1900         100 -0.302910745    
        1800         100 -0.305450797    
        1700         100 -0.308176219    
        1600         100 -0.308346689    
        1500         100 -0.309821606    
        1400         100 -0.309634447    
        1300         100 -0.310249567    
        1200         100 -0.311958432    
        1100         100 -0.311949790    
        1000         100 -0.312889129    
         900         100 -0.313511997    
         800         100 -0.313385040    
         700         100 -0.312555641    
         600         100 -0.314103574    
         500         100 -0.314276725    
         400         100 -0.316009134    
         300         100 -0.317120165    
         200         100 -0.316909462    
         100         100 -0.316906184    
           0         100 -0.320905954    
           0         200 -0.317821115    
         100         200 -0.311556995    
         200         200 -0.306720674    
         300         200 -0.309084296    
         400         200 -0.305011213    
         500         200 -0.303240359    
         600         200 -0.301794648    
         700         200 -0.301706433    
         800         200 -0.302260160    
         900         200 -0.299556792    
        1000         200 -0.301433444    
        1100         200 -0.297853887    
        1200         200 -0.300580502    
        1300         200 -0.300835609    
        1400         200 -0.299255490    
        1500         200 -0.300207973    
        1600         200 -0.299410164    
        1700         200 -0.303230822    
        1800         200 -0.301285625    
        1900         200 -0.298615634    
        2000         200 -0.304546893    
        2000         300 -0.294025183    
        1900         300 -0.297062337    
        1800         300 -0.305063963    
        1700         300 -0.309047341    
        1600         300 -0.323174804    
        1500         300 -0.304199994    
        1400         300 -0.314973503    
        1300         300 -0.299889982    
        1200         300 -0.311577260    
        1100         300 -0.318618923    
        1000         300 -0.304134429    
         900         300 -0.310951412    
         800         300 -0.312253177    
         700         300 -0.313225895    
         600         300 -0.314374179    
         500         300 -0.313763529    
         400         300 -0.315817803    
         300         300 -0.317156821    
         200         300 -0.318689853    
         100         300 -0.320303947    
           0         300 -0.318889230    
           0         400 -0.317828566    
         100         400 -0.309404671    
         200         400 -0.303867102    
         300         400 -0.303861439    
         400         400 -0.301223636    
         500         400 -0.298399568    
         600         400 -0.297381818    
         700         400 -0.296325922    
         800         400 -0.295596659    
         900         400 -0.297193468    
        1000         400 -0.296232343    
        1100         400 -0.296381056    
        1200         400 -0.298903227    
        1300         400 -0.301074922    
        1400         400 -0.300899386    
        1500         400 -0.301155388    
        1600         400 -0.303978860    
        1700         400 -0.304980516    
        1800         400 -0.303206980    
        1900         400 -0.304052770    
        2000         400 -0.320594519    
        2000         500 -0.294199228    
        1900         500 -0.304047704    
        1800         500 -0.296177506    
        1700         500 -0.299442053    
        1600         500 -0.300883889    
        1500         500 -0.305600703    
        1400         500 -0.300637126    
        1300         500 -0.301114857    
        1200         500 -0.302105188    
        1100         500 -0.301680207    
        1000         500 -0.302548945    
         900         500 -0.302756369    
         800         500 -0.303926706    
         700         500 -0.305346489    
         600         500 -0.308174133    
         500         500 -0.310270131    
         400         500 -0.311649680    
         300         500 -0.314123541    
         200         500 -0.316861480    
         100         500 -0.318612963    
           0         500 -0.319428951    
           0         600 -0.314247519    
         100         600 -0.305823624    
         200         600 -0.293285787    
         300         600 -0.294572353    
         400         600 -0.292096972    
         500         600 -0.289678514    
         600         600 -0.289958656    
         700         600 -0.290727556    
         800         600 -0.291736662    
         900         600 -0.291261017    
        1000         600 -0.292494833    
        1100         600 -0.294552684    
        1200         600 -0.297946870    
        1300         600 -0.299566627    
        1400         600 -0.303021908    
        1500         600 -0.304579079    
        1600         600 -0.306296885    
        1700         600 -0.307659745    
        1800         600 -0.306541860    
        1900         600 -0.307862997    
        2000         600 -0.309653223    
        2000         700 -0.302368343    
        1900         700 -0.297607720    
        1800         700 -0.295703053    
        1700         700 -0.293412149    
        1600         700 -0.296021044    
        1500         700 -0.296674311    
        1400         700 -0.296605468    
        1300         700 -0.296350956    
        1200         700 -0.295859814    
        1100         700 -0.295520365    
        1000         700 -0.294164956    
         900         700 -0.290178895    
         800         700 -0.288028061    
         700         700 -0.290116906    
         600         700 -0.297453940    
         500         700 -0.304072142    
         400         700 -0.308597922    
         300         700 -0.312235594    
         200         700 -0.316633791    
         100         700 -0.318298548    
           0         700 -0.319320470    
           0         800 -0.310889721    
         100         800 -0.299146414    
         200         800 -0.289050281    
         300         800 -0.286492944    
         400         800 -0.289926469    
         500         800 -0.289714575    
         600         800 -0.290618777    
         700         800 -0.289716065    
         800         800 -0.283429265    
         900         800 -0.275313199    
        1000         800 -0.276642978    
        1100         800 -0.288300455    
        1200         800 -0.300757527    
        1300         800 -0.305187941    
        1400         800 -0.307884455    
        1500         800 -0.309204698    
        1600         800 -0.309925318    
        1700         800 -0.310239732    
        1800         800 -0.311457157    
        1900         800 -0.312047243    
        2000         800 -0.312471926    
        2000         900 -0.300282180    
        1900         900 -0.295305192    
        1800         900 -0.289442778    
        1700         900 -0.293400228    
        1600         900 -0.296272874    
        1500         900 -0.298591197    
        1400         900 -0.299750805    
        1300         900 -0.299282014    
        1200         900 -0.297639906    
        1100         900 -0.290905774    
        1000         900 -0.268852353    
         900         900 -0.251012683    
         800         900 -0.259421408    
         700         900 -0.278690696    
         600         900 -0.297773421    
         500         900 -0.307789385    
         400         900 -0.312657565    
         300         900 -0.316880256    
         200         900 -0.319891781    
         100         900 -0.321639985    
           0         900 -0.321634322    
           0        1000 -0.311671734    
         100        1000 -0.300791204    
         200        1000 -0.288177669    
         300        1000 -0.293242276    
         400        1000 -0.295476556    
         500        1000 -0.295799017    
         600        1000 -0.294004023    
         700        1000 -0.275255680    
         800        1000 -0.251899600    
         900        1000 -0.251652837    
        1000        1000 -0.257372797    
        1100        1000 -0.282467842    
        1200        1000 -0.309505105    
        1300        1000 -0.319974631    
        1400        1000 -0.310046613    
        1500        1000 -0.322080165    
        1600        1000 -0.314434975    
        1700        1000 -0.313065559    
        1800        1000 -0.313231856    
        1900        1000 -0.315188080    
        2000        1000 -0.314362854    
        2000        1100 -0.300783455    
        1900        1100 -0.295450330    
        1800        1100 -0.292524040    
        1700        1100 -0.294767261    
        1600        1100 -0.301000118    
        1500        1100 -0.303337216    
        1400        1100 -0.304128170    
        1300        1100 -0.303923428    
        1200        1100 -0.301704049    
        1100        1100 -0.286425292    
        1000        1100 -0.254237294    
         900        1100 -0.242516339    
         800        1100 -0.258257329    
         700        1100 -0.276618838    
         600        1100 -0.300152540    
         500        1100 -0.318287820    
         400        1100 -0.315316230    
         300        1100 -0.320294410    
         200        1100 -0.321966618    
         100        1100 -0.321596771    
           0        1100 -0.317471236    
           0        1200 -0.316423386    
         100        1200 -0.302616298    
         200        1200 -0.295361519    
         300        1200 -0.298207641    
         400        1200 -0.300553679    
         500        1200 -0.304657161    
         600        1200 -0.299909055    
         700        1200 -0.292543709    
         800        1200 -0.272448003    
         900        1200 -0.263411939    
        1000        1200 -0.273701787    
        1100        1200 -0.296638846    
        1200        1200 -0.308338344    
        1300        1200 -0.312940985    
        1400        1200 -0.314420670    
        1500        1200 -0.315111488    
        1600        1200 -0.316572398    
        1700        1200 -0.312464476    
        1800        1200 -0.313826114    
        1900        1200 -0.316265732    
        2000        1200 -0.315136820    
        2000        1300 -0.305842698    
        1900        1300 -0.298213303    
        1800        1300 -0.299475133    
        1700        1300 -0.302200258    
        1600        1300 -0.306588948    
        1500        1300 -0.308675110    
        1400        1300 -0.308313906    
        1300        1300 -0.308794618    
        1200        1300 -0.308453083    
        1100        1300 -0.303992569    
        1000        1300 -0.294871867    
         900        1300 -0.281812191    
         800        1300 -0.281115711    
         700        1300 -0.294389069    
         600        1300 -0.306190193    
         500        1300 -0.311627924    
         400        1300 -0.316716343    
         300        1300 -0.317865521    
         200        1300 -0.322191626    
         100        1300 -0.321589619    
           0        1300 -0.322129637    
           0        1400 -0.319847971    
         100        1400 -0.310891211    
         200        1400 -0.302875578    
         300        1400 -0.304794848    
         400        1400 -0.307383776    
         500        1400 -0.307644844    
         600        1400 -0.309167743    
         700        1400 -0.307828426    
         800        1400 -0.306803823    
         900        1400 -0.303836107    
        1000        1400 -0.304091811    
        1100        1400 -0.306830049    
        1200        1400 -0.308124363    
        1300        1400 -0.311560869    
        1400        1400 -0.313785583    
        1500        1400 -0.315739125    
        1600        1400 -0.317472428    
        1700        1400 -0.316521734    
        1800        1400 -0.316656739    
        1900        1400 -0.317647070    
        2000        1400 -0.318690151    
        2000        1500 -0.315228611    
        1900        1500 -0.308785975    
        1800        1500 -0.308381855    
        1700        1500 -0.309795380    
        1600        1500 -0.312629551    
        1500        1500 -0.312896281    
        1400        1500 -0.313653558    
        1300        1500 -0.313627034    
        1200        1500 -0.314958900    
        1100        1500 -0.314234108    
        1000        1500 -0.313384145    
         900        1500 -0.313585311    
         800        1500 -0.312349737    
         700        1500 -0.314213246    
         600        1500 -0.316190928    
         500        1500 -0.317025989    
         400        1500 -0.318541139    
         300        1500 -0.323004633    
         200        1500 -0.323761314    
         100        1500 -0.325128645    
           0        1500 -0.324784726    
           0        1600 -0.324529618    
         100        1600 -0.318639189    
         200        1600 -0.312042177    
         300        1600 -0.313331991    
         400        1600 -0.313407987    
         500        1600 -0.314114302    
         600        1600 -0.313955456    
         700        1600 -0.315439910    
         800        1600 -0.315087050    
         900        1600 -0.315777570    
        1000        1600 -0.316207618    
        1100        1600 -0.316710681    
        1200        1600 -0.317167848    
        1300        1600 -0.317721277    
        1400        1600 -0.318478554    
        1500        1600 -0.319755882    
        1600        1600 -0.319802970    
        1700        1600 -0.320143312    
        1800        1600 -0.319387525    
        1900        1600 -0.321444482    
        2000        1600 -0.321066886    
        2000        1700 -0.321165234    
        1900        1700 -0.316749126    
        1800        1700 -0.316438884    
        1700        1700 -0.318192154    
        1600        1700 -0.319344610    
        1500        1700 -0.319558293    
        1400        1700 -0.319841117    
        1300        1700 -0.321092814    
        1200        1700 -0.325080365    
        1100        1700 -0.327860028    
        1000        1700 -0.306726635    
         900        1700 -0.324837178    
         800        1700 -0.334928840    
         700        1700 -0.312279105    
         600        1700 -0.317054898    
         500        1700 -0.324093312    
         400        1700 -0.327142388    
         300        1700 -0.327588528    
         200        1700 -0.327922910    
         100        1700 -0.330248982    
           0        1700 -0.329041094    
           0        1800 -0.327733070    
         100        1800 -0.325045496    
         200        1800 -0.319495112    
         300        1800 -0.319719821    
         400        1800 -0.319911748    
         500        1800 -0.320177287    
         600        1800 -0.320886880    
         700        1800 -0.320687205    
         800        1800 -0.321119934    
         900        1800 -0.321455508    
        1000        1800 -0.322327524    
        1100        1800 -0.322579354    
        1200        1800 -0.322604686    
        1300        1800 -0.322113544    
        1400        1800 -0.322877973    
        1500        1800 -0.323892742    
        1600        1800 -0.322949499    
        1700        1800 -0.325275272    
        1800        1800 -0.323829263    
        1900        1800 -0.335416406    
        2000        1800 -0.315988570    
        2000        1900 -0.322883934    
        1900        1900 -0.327813238    
        1800        1900 -0.316333085    
        1700        1900 -0.323161989    
        1600        1900 -0.325823039    
        1500        1900 -0.324844927    
        1400        1900 -0.324741513    
        1300        1900 -0.326150268    
        1200        1900 -0.326566905    
        1100        1900 -0.326862246    
        1000        1900 -0.326434582    
         900        1900 -0.327819198    
         800        1900 -0.327075630    
         700        1900 -0.334101230    
         600        1900 -0.337005466    
         500        1900 -0.310225129    
         400        1900 -0.327246100    
         300        1900 -0.329012483    
         200        1900 -0.332389086    
         100        1900 -0.334925264    
           0        1900 -0.341346174    
           0        2000 -0.342173785    
         100        2000 -0.304714680    
         200        2000 -0.324976057    
         300        2000 -0.338232726    
         400        2000 -0.318539649    
         500        2000 -0.325845987    
         600        2000 -0.324042946    
         700        2000 -0.326462597    
         800        2000 -0.325543195    
         900        2000 -0.325113446    
        1000        2000 -0.326792806    
        1100        2000 -0.326352328    
        1200        2000 -0.326671213    
        1300        2000 -0.325259775    
        1400        2000 -0.326914698    
        1500        2000 -0.326863438    
        1600        2000 -0.326986521    
        1700        2000 -0.326128811    
        1800        2000 -0.327097684    
        1900        2000 -0.326486140    
        2000        2000 -0.327394813    
