0 0 -0.31084362
1 0 -0.31062952
2 0 -0.31023473
3 0 -0.309973
4 0 -0.30966708
5 0 -0.30927598
6 0 -0.30898422
7 0 -0.30859506
8 0 -0.30817685
9 0 -0.30775398
10 0 -0.30714458
11 0 -0.30669096
12 0 -0.30623785
13 0 -0.30562088
14 0 -0.3051016
15 0 -0.30447
16 0 -0.3038291
17 0 -0.3032534
18 0 -0.30262646
19 0 -0.3021672
20 0 -0.30165794
20 1 -0.3016289
19 1 -0.30175707
18 1 -0.30212644
17 1 -0.30273142
16 1 -0.30329296
15 1 -0.3039458
14 1 -0.30451468
13 1 -0.30508816
12 1 -0.3057752
11 1 -0.30639264
10 1 -0.3070423
9 1 -0.30768928
8 1 -0.30825886
7 1 -0.30868855
6 1 -0.30923006
5 1 -0.30973473
4 1 -0.31036216
3 1 -0.31103796
2 1 -0.31162512
1 1 -0.31215322
0 1 -0.31302848
0 2 -0.31350774
1 2 -0.31331265
2 2 -0.31265345
3 2 -0.31229654
4 2 -0.311568
5 2 -0.31073523
6 2 -0.30984116
7 2 -0.30902767
8 2 -0.30835092
9 2 -0.3074715
10 2 -0.30686772
11 2 -0.30596635
12 2 -0.30542776
13 2 -0.30496854
14 2 -0.30439723
15 2 -0.3039783
16 2 -0.30352148
17 2 -0.30349243
18 2 -0.30327174
19 2 -0.30280614
20 2 -0.3029802
20 3 -0.3020847
19 3 -0.3015825
18 3 -0.30193064
17 3 -0.30264232
16 3 -0.30469558
15 3 -0.30464602
14 3 -0.30567876
13 3 -0.30509987
12 3 -0.3057476
11 3 -0.30703473
10 3 -0.3067447
9 3 -0.30716535
8 3 -0.30767414
7 3 -0.30822933
6 3 -0.30884382
5 3 -0.3093358
4 3 -0.309984
3 3 -0.31070128
2 3 -0.31150013
1 3 -0.31238052
0 3 -0.3130314
0 4 -0.31351113
1 4 -0.3131005
2 4 -0.31217715
3 4 -0.31134558
4 4 -0.31033337
5 4 -0.30914
6 4 -0.30796418
7 4 -0.30680034
8 4 -0.30567998
9 4 -0.30483133
10 4 -0.30397144
11 4 -0.3032124
12 4 -0.3027815
13 4 -0.30261084
14 4 -0.3024397
15 4 -0.30231127
16 4 -0.30247802
17 4 -0.30272827
18 4 -0.30277613
19 4 -0.3029038
20 4 -0.30467287
20 5 -0.3036255
19 5 -0.30366772
18 5 -0.3029187
17 5 -0.30257103
16 5 -0.30240232
15 5 -0.30272216
14 5 -0.30251366
13 5 -0.30237377
12 5 -0.30234692
11 5 -0.30228025
10 5 -0.30230713
9 5 -0.30235204
8 5 -0.30250952
7 5 -0.3027932
6 5 -0.3033313
5 5 -0.30402517
4 5 -0.30478764
3 5 -0.30572122
2 5 -0.30683526
1 5 -0.30801302
0 5 -0.30915463
0 6 -0.30966392
1 6 -0.3092799
2 6 -0.3076805
3 6 -0.30636966
4 6 -0.3049424
5 6 -0.303416
6 6 -0.3020703
7 6 -0.300936
8 6 -0.30001608
9 6 -0.29914057
10 6 -0.298476
11 6 -0.29808366
12 6 -0.29806998
13 6 -0.29821965
14 6 -0.2986999
15 6 -0.2992878
16 6 -0.29998872
17 6 -0.30075583
18 6 -0.30133444
19 6 -0.3019873
20 6 -0.3027539
20 7 -0.30271533
19 7 -0.30220458
18 7 -0.3015544
17 7 -0.30074018
16 7 -0.30026826
15 7 -0.29990888
14 7 -0.29957855
13 7 -0.2992558
12 7 -0.2989162
11 7 -0.2985766
10 7 -0.29813543
9 7 -0.29733977
8 7 -0.2964086
7 7 -0.29577944
6 7 -0.2959469
5 7 -0.29675943
4 7 -0.29794326
3 7 -0.2993725
2 7 -0.30109861
1 7 -0.3028186
0 7 -0.30446878
0 8 -0.30511087
1 8 -0.30451444
2 8 -0.30296803
3 8 -0.30132052
4 8 -0.30018112
5 8 -0.29913446
6 8 -0.2982829
7 8 -0.2974262
8 8 -0.2960265
9 8 -0.29395518
10 8 -0.29222396
11 8 -0.2918316
12 8 -0.2927242
13 8 -0.29397056
14 8 -0.29536194
15 8 -0.29674622
16 8 -0.29806414
17 8 -0.2992817
18 8 -0.30049923
19 8 -0.30165404
20 8 -0.30273584
20 9 -0.30249047
19 9 -0.30177194
18 9 -0.30053902
17 9 -0.29982513
16 9 -0.29946992
15 9 -0.29938203
14 9 -0.2994189
13 9 -0.29940522
12 9 -0.2992287
11 9 -0.2983964
10 9 -0.29544201
9 9 -0.29099908
8 9 -0.28784132
7 9 -0.28692627
6 9 -0.28801098
5 9 -0.28998882
4 9 -0.2922557
3 9 -0.29471815
2 9 -0.29723552
1 9 -0.29967597
0 9 -0.3018718
0 10 -0.3028518
1 10 -0.30264574
2 10 -0.30119893
3 10 -0.30040327
4 10 -0.2999106
5 10 -0.29949945
6 10 -0.2989499
7 10 -0.29658046
8 10 -0.29211238
9 10 -0.28806642
10 10 -0.28499705
11 10 -0.2847441
12 10 -0.2872202
13 10 -0.29049566
14 10 -0.29245076
15 10 -0.2954137
16 10 -0.29731584
17 10 -0.2988908
18 10 -0.30032492
19 10 -0.30181125
20 10 -0.3030664
20 11 -0.30283812
19 11 -0.30209935
18 11 -0.30114183
17 11 -0.30050436
16 11 -0.30055392
15 11 -0.30083224
14 11 -0.30116183
13 11 -0.30143797
12 11 -0.3014646
11 11 -0.29996064
10 11 -0.2953883
9 11 -0.2901011
8 11 -0.28691673
7 11 -0.28588694
6 11 -0.2873135
5 11 -0.29041094
4 11 -0.29290146
3 11 -0.29564077
2 11 -0.29827335
1 11 -0.30060568
0 11 -0.30229223
0 12 -0.30370533
1 12 -0.30359644
2 12 -0.30277294
3 12 -0.3023164
4 12 -0.30214012
5 12 -0.30239183
6 12 -0.30214354
7 12 -0.30118355
8 12 -0.29830998
9 12 -0.2948202
10 12 -0.29270834
11 12 -0.2931014
12 12 -0.2946251
13 12 -0.2964567
14 12 -0.2982531
15 12 -0.29993892
16 12 -0.30160227
17 12 -0.30268848
18 12 -0.30380225
19 12 -0.3050486
20 12 -0.30605742
20 13 -0.30603594
19 13 -0.30525368
18 13 -0.30467582
17 13 -0.30442825
16 13 -0.30464432
15 13 -0.3050474
14 13 -0.30537406
13 13 -0.3057161
12 13 -0.3059898
11 13 -0.30579007
10 13 -0.30469826
9 13 -0.30240965
8 13 -0.30028024
7 13 -0.2996911
6 13 -0.300341
5 13 -0.3014697
4 13 -0.30299437
3 13 -0.30448148
2 13 -0.30625248
1 13 -0.3077862
0 13 -0.30922055
0 14 -0.3102833
1 14 -0.3103441
2 14 -0.30959725
3 14 -0.30911702
4 14 -0.3089437
5 14 -0.3088138
6 14 -0.30884922
7 14 -0.30874714
8 14 -0.3085528
9 14 -0.30808112
10 14 -0.3076822
11 14 -0.30759698
12 14 -0.30764973
13 14 -0.30804086
14 14 -0.30861533
15 14 -0.30932772
16 14 -0.3101422
17 14 -0.31078014
18 14 -0.3113678
19 14 -0.31199574
20 14 -0.3126652
20 15 -0.31292152
19 15 -0.31250796
18 15 -0.31209534
17 15 -0.31186536
16 15 -0.31194177
15 15 -0.31203723
14 15 -0.31219888
13 15 -0.3123417
12 15 -0.3126034
11 15 -0.3127665
10 15 -0.31282827
9 15 -0.31290397
8 15 -0.31284854
7 15 -0.312985
6 15 -0.3133056
5 15 -0.31367764
4 15 -0.31416398
3 15 -0.31504804
2 15 -0.31591937
1 15 -0.3168403
0 15 -0.31763473
0 16 -0.3183242
1 16 -0.3183557
2 16 -0.31772435
3 16 -0.31728512
4 16 -0.31689742
5 16 -0.3166191
6 16 -0.31635273
7 16 -0.31626144
8 16 -0.316144
9 16 -0.31610736
10 16 -0.31611738
11 16 -0.3161767
12 16 -0.31627584
13 16 -0.31642038
14 16 -0.3166262
15 16 -0.31693918
16 16 -0.31722555
17 16 -0.3175173
18 16 -0.31770432
19 16 -0.31807834
20 16 -0.3183772
20 17 -0.318656
19 17 -0.31846532
18 17 -0.31826267
17 17 -0.3182556
16 17 -0.3183645
15 17 -0.3184839
14 17 -0.3186196
13 17 -0.31886694
12 17 -0.3194883
11 17 -0.32032546
10 17 -0.31896558
9 17 -0.31955275
8 17 -0.32109037
7 17 -0.32020923
6 17 -0.3198938
5 17 -0.32031375
4 17 -0.3209966
3 17 -0.3216558
2 17 -0.32228252
1 17 -0.32307917
0 17 -0.32367536
0 18 -0.32408112
1 18 -0.32417756
2 18 -0.3237093
3 18 -0.32331038
4 18 -0.3229705
5 18 -0.3226912
6 18 -0.32251078
7 18 -0.32232842
8 18 -0.32220757
9 18 -0.32213238
10 18 -0.3221519
11 18 -0.32219464
12 18 -0.32223564
13 18 -0.32222342
14 18 -0.32228887
15 18 -0.32244927
16 18 -0.3224993
17 18 -0.3227769
18 18 -0.32288215
19 18 -0.32413557
20 18 -0.32332087
20 19 -0.32327718
19 19 -0.3237308
18 19 -0.322991
17 19 -0.32300812
16 19 -0.3232896
15 19 -0.32344514
14 19 -0.32357478
13 19 -0.32383233
12 19 -0.3241058
11 19 -0.32438144
10 19 -0.32458675
9 19 -0.32490999
8 19 -0.32512656
7 19 -0.32602403
6 19 -0.32712218
5 19 -0.32543248
4 19 -0.32561386
3 19 -0.32595372
2 19 -0.32659727
1 19 -0.32743007
0 19 -0.3288217
0 20 -0.3301569
1 20 -0.32761267
2 20 -0.327349
3 20 -0.3284374
4 20 -0.32744762
5 20 -0.32728747
6 20 -0.326963
7 20 -0.32691297
8 20 -0.326776
9 20 -0.32660973
10 20 -0.32662803
11 20 -0.32660046
12 20 -0.32660753
13 20 -0.32647276
14 20 -0.32651696
15 20 -0.32655162
16 20 -0.3265951
17 20 -0.32654846
18 20 -0.32660338
19 20 -0.32659167
20 20 -0.326672
