         100           0   0.00000000    
          50          87   0.00000000    
         -50          87   0.00000000    
        -100           0   0.00000000    
         -50         -87   0.00000000    
          50         -87   0.00000000    
         200           0   2.72905827E-03
         173         100   2.57313251E-03
         100         173   2.05850601E-03
           0         200   1.25694275E-03
        -100         173   1.39540434E-03
        -173         100   1.11633539E-03
        -200           0   5.03182411E-04
        -173        -100   7.92384148E-04
        -100        -173   6.33895397E-04
           0        -200   1.17242336E-04
         100        -173   4.83632088E-04
         173        -100   3.86893749E-04
         300           0  0.201868951    
         282         103  0.125237882    
         230         193   9.86308455E-02
         150         260  0.125298440    
          52         295  0.109985352    
         -52         295   8.79882574E-02
        -150         260   7.62259960E-03
        -230         193   1.27257109E-02
        -282         103   1.17400289E-02
        -300           0   4.56493497E-02
        -282        -103   2.62141228E-04
        -230        -193  -1.34974718E-03
        -150        -260  -7.70747662E-03
         -52        -295   5.66020608E-02
          52        -295   4.52816486E-02
         150        -260   2.64787078E-02
         230        -193  -2.52107978E-02
         282        -103  -1.86091661E-02
         400           0  0.567568839    
         387          99  0.423645705    
         351         193  0.382191420    
         292         274  0.300295055    
         214         338  0.232828647    
         124         380  0.169888660    
          25         399  0.152675062    
         -75         393  0.129547462    
        -170         362   9.11623389E-02
        -255         308   5.57758734E-02
        -324         235   5.39774224E-02
        -372         147   5.44879809E-02
        -397          50   4.86586094E-02
        -397         -50   3.89268920E-02
        -372        -147   2.60732919E-02
        -324        -235   9.55259055E-03
        -255        -308  -1.71465427E-03
        -170        -362   1.57822743E-02
         -75        -393   2.51014493E-02
          25        -399   1.26737505E-02
         124        -380  -6.62513077E-03
         214        -338   1.10741667E-02
         292        -274   1.62667446E-02
         351        -193   1.84714869E-02
         387         -99  -2.84976661E-02
         500           0   5.67340329E-02
         490         101   4.53872271E-02
         459         197   3.63097824E-02
         410         286   2.90478263E-02
         344         362   2.32382622E-02
         264         424   1.85906105E-02
         174         469   1.48724886E-02
          76         494   1.18979914E-02
         -25         499   9.51839332E-03
        -125         484   7.61471456E-03
        -220         449   6.09177165E-03
        -306         395   4.87341732E-03
        -379         326   3.89873399E-03
        -437         243   3.11898720E-03
        -477         150   2.49518990E-03
        -497          51   1.99615187E-03
        -497         -51   1.59692147E-03
        -477        -150   1.27753720E-03
        -437        -243   1.02202978E-03
        -379        -326   8.17623863E-04
        -306        -395   6.54099102E-04
        -220        -449   5.23279305E-04
        -125        -484   4.18623444E-04
         -25        -499   3.34898767E-04
          76        -494   2.67919007E-04
         174        -469   2.14335203E-04
         264        -424   1.71468171E-04
         344        -362   1.37174546E-04
         410        -286   1.09739638E-04
         459        -197   8.77917118E-05
         490        -101   7.02333709E-05
         600           0   5.61866982E-05
         591         101   4.49493600E-05
         566         200   3.59594887E-05
         524         293   2.87675921E-05
         467         377   2.30140740E-05
         396         450   1.84112596E-05
         315         511   1.47290075E-05
         224         557   1.17832060E-05
         126         587   9.42656516E-06
          25         599   7.54125222E-06
         -76         595   6.03300168E-06
        -176         574   4.82640144E-06
        -270         536   3.86112106E-06
        -357         482   3.08889685E-06
        -433         415   2.47111757E-06
        -497         336   1.97689405E-06
        -547         247   1.58151522E-06
        -581         151   1.26521218E-06
        -598          51   1.01216972E-06
        -598         -51   8.09735809E-07
        -581        -151   6.47788681E-07
        -547        -247   5.18230934E-07
        -497        -336   4.14584747E-07
        -433        -415   3.31667792E-07
        -357        -482   2.65334251E-07
        -270        -536   2.12267409E-07
        -176        -574   1.69813930E-07
         -76        -595   1.35851153E-07
          25        -599   1.08680922E-07
         126        -587   8.69447376E-08
         224        -557   6.95557887E-08
         315        -511   5.56446302E-08
         396        -450   4.45157049E-08
         467        -377   3.56125653E-08
         524        -293   2.84900530E-08
         566        -200   2.27920420E-08
         591        -101   1.82336333E-08
         700           0   1.45869068E-08
         693         102   1.16695258E-08
         670         202   9.33562117E-09
         634         297   7.46849693E-09
         584         386   5.97479755E-09
         521         467   4.77983830E-09
         448         538   3.82387055E-09
         365         598   3.05909653E-09
         274         644   2.44727727E-09
         177         677   1.95782190E-09
          77         696   1.56625757E-09
         -26         700   1.25300603E-09
        -127         688   1.00240483E-09
        -226         663   8.01923861E-10
        -320         623   6.41539100E-10
        -407         569   5.13231291E-10
        -486         504   4.10585038E-10
        -554         428   3.28468031E-10
        -610         343   2.62774441E-10
        -654         250   2.10219550E-10
        -683         152   1.68175640E-10
        -698          51   1.34540518E-10
        -698         -51   1.07632417E-10
        -683        -152   8.61059349E-11
        -654        -250   6.88847521E-11
        -610        -343   5.51078037E-11
        -554        -428   4.40862451E-11
        -486        -504   3.52689961E-11
        -407        -569   2.82151975E-11
        -320        -623   2.25721577E-11
        -226        -663   1.80577272E-11
        -127        -688   1.44461821E-11
         -26        -700   1.15569455E-11
          77        -696   9.24555658E-12
         177        -677   7.39644544E-12
         274        -644   5.91715652E-12
         365        -598   4.73372513E-12
         448        -538   3.78698028E-12
         521        -467   3.02958418E-12
         584        -386   2.42366739E-12
         634        -297   1.93893404E-12
         670        -202   1.55114723E-12
         693        -102   1.24091785E-12
         800           0   9.92734324E-13
         794         100   7.94187470E-13
         775         199   6.35350008E-13
         744         294   5.08279996E-13
         701         385   4.06624007E-13
         647         470   3.25299222E-13
         583         548   2.60239394E-13
         510         616   2.08191523E-13
         429         675   1.66553227E-13
         341         724   1.33242579E-13
         247         761   1.06594062E-13
         150         786   8.52752520E-14
          50         798   6.82202030E-14
         -50         798   5.45761624E-14
        -150         786   4.36609299E-14
        -247         761   3.49287453E-14
        -341         724   2.79429969E-14
        -429         675   2.23543972E-14
        -510         616   1.78835184E-14
        -583         548   1.43068151E-14
        -647         470   1.14454522E-14
        -701         385   9.15636179E-15
        -744         294   7.32508926E-15
        -775         199   5.86007166E-15
        -794         100   4.68805758E-15
        -800           0   3.75044632E-15
        -794        -100   3.00035714E-15
        -775        -199   2.40028576E-15
        -744        -294   1.92022856E-15
        -701        -385   1.53618287E-15
        -647        -470   1.22894634E-15
        -583        -548   9.83157071E-16
        -510        -616   7.86525678E-16
        -429        -675   6.29220542E-16
        -341        -724   5.03376434E-16
        -247        -761   4.02701142E-16
        -150        -786   3.22160908E-16
         -50        -798   2.57728727E-16
          50        -798   2.06182987E-16
         150        -786   1.64946392E-16
         247        -761   1.31957119E-16
         341        -724   1.05565696E-16
         429        -675   8.44525597E-17
         510        -616   6.75620478E-17
         583        -548   5.40496389E-17
         647        -470   4.32397118E-17
         701        -385   3.45917701E-17
         744        -294   2.76734167E-17
         775        -199   2.21387331E-17
         794        -100   1.77109874E-17
         900           0   1.41687899E-17
         894         101   1.13350321E-17
         877         200   9.06802619E-18
         849         297   7.25442112E-18
         811         390   5.80353681E-18
         762         479   4.64282953E-18
         704         561   3.71426388E-18
         636         636   2.97141122E-18
         561         704   2.37712910E-18
         479         762   1.90170332E-18
         390         811   1.52136268E-18
         297         849   1.21709019E-18
         200         877   9.73672128E-19
         101         894   7.78937733E-19
           0         900   6.23150207E-19
        -101         894   4.98520197E-19
        -200         877   3.98816163E-19
        -297         849   3.19052946E-19
        -390         811   2.55242372E-19
        -479         762   2.04193903E-19
        -561         704   1.63355130E-19
        -636         636   1.30684107E-19
        -704         561   1.04547287E-19
        -762         479   8.36378279E-20
        -811         390   6.69102649E-20
        -849         297   5.35282113E-20
        -877         200   4.28225684E-20
        -894         101   3.42580567E-20
        -900           0   2.74064453E-20
        -894        -101   2.19251572E-20
        -877        -200   1.75401258E-20
        -849        -297   1.40321013E-20
        -811        -390   1.12256810E-20
        -762        -479   8.98054481E-21
        -704        -561   7.18443601E-21
        -636        -636   5.74754897E-21
        -561        -704   4.59803934E-21
        -479        -762   3.67843139E-21
        -390        -811   2.94274511E-21
        -297        -849   2.35419621E-21
        -200        -877   1.88335697E-21
        -101        -894   1.50668555E-21
           0        -900   1.20534846E-21
         101        -894   9.64278832E-22
         200        -877   7.71423065E-22
         297        -849   6.17138483E-22
         390        -811   4.93710806E-22
         479        -762   3.94968645E-22
         561        -704   3.15974916E-22
         636        -636   2.52779938E-22
         704        -561   2.02223950E-22
         762        -479   1.61779165E-22
         811        -390   1.29423335E-22
         849        -297   1.03538669E-22
         877        -200   8.28309378E-23
         894        -101   6.62647515E-23
        1000           0   5.30117999E-23
         995         101   4.24094399E-23
         980         201   3.39275538E-23
         954         299   2.71420437E-23
         919         394   2.17136347E-23
         874         485   1.73709080E-23
         821         571   1.38967267E-23
         759         651   1.11173812E-23
         689         725   8.89390499E-24
         612         791   7.11512383E-24
         529         849   5.69209923E-24
         440         898   4.55367946E-24
         347         938   3.64294349E-24
         251         968   2.91435491E-24
         151         988   2.33148393E-24
          51         999   1.86518726E-24
         -51         999   1.49214983E-24
        -151         988   1.19371990E-24
        -251         968   9.54975981E-25
        -347         938   7.63980775E-25
        -440         898   6.11184630E-25
        -529         849   4.88947723E-25
        -612         791   3.91158184E-25
        -689         725   3.12926552E-25
        -759         651   2.50341237E-25
        -821         571   2.00272987E-25
        -874         485   1.60218389E-25
        -919         394   1.28174712E-25
        -954         299   1.02539770E-25
        -980         201   8.20318151E-26
        -995         101   6.56254558E-26
       -1000           0   5.25003634E-26
        -995        -101   4.20002920E-26
        -980        -201   3.36002330E-26
        -954        -299   2.68801857E-26
        -919        -394   2.15041495E-26
        -874        -485   1.72033199E-26
        -821        -571   1.37626569E-26
        -759        -651   1.10101255E-26
        -689        -725   8.80810039E-27
        -612        -791   7.04648078E-27
        -529        -849   5.63718462E-27
        -440        -898   4.50974793E-27
        -347        -938   3.60779834E-27
        -251        -968   2.88623867E-27
        -151        -988   2.30899105E-27
         -51        -999   1.84719292E-27
          51        -999   1.47775439E-27
         151        -988   1.18220350E-27
         251        -968   9.45762855E-28
         347        -938   7.56610293E-28
         440        -898   6.05288244E-28
         529        -849   4.84230596E-28
         612        -791   3.87384486E-28
         689        -725   3.09907598E-28
         759        -651   2.47926093E-28
         821        -571   1.98340872E-28
         874        -485   1.58672698E-28
         919        -394   1.26938163E-28
         954        -299   1.01550530E-28
         980        -201   8.12404255E-29
         995        -101   6.49923416E-29
