           0           0   0.00000000    
         100           0   0.00000000    
         200           0   0.00000000    
         300           0   0.00000000    
         400           0   0.00000000    
         500           0   0.00000000    
         600           0   0.00000000    
         700           0   0.00000000    
         800           0   0.00000000    
         900           0   0.00000000    
        1000           0   0.00000000    
        1100           0   0.00000000    
        1200           0   0.00000000    
        1300           0   0.00000000    
        1400           0   0.00000000    
        1500           0   0.00000000    
        1600           0   0.00000000    
        1700           0   0.00000000    
        1800           0   0.00000000    
        1900           0   0.00000000    
        2000           0   0.00000000    
        2000           0   0.00000000    
        1900           0   0.00000000    
        1800           0   0.00000000    
        1700           0   0.00000000    
        1600           0   0.00000000    
        1500           0   0.00000000    
        1400           0   0.00000000    
        1300           0   0.00000000    
        1200           0   0.00000000    
        1100           0   0.00000000    
        1000           0   0.00000000    
         900           0   0.00000000    
         800           0   0.00000000    
         700           0   0.00000000    
         600           0   0.00000000    
         500           0   0.00000000    
         400           0   0.00000000    
         300           0   0.00000000    
         200           0   0.00000000    
         100           0   0.00000000    
           0           0   0.00000000    
           0         100   0.00000000    
         100         100   0.00000000    
         200         100   0.00000000    
         300         100   1.45234821E-19
         400         100   4.01538086E-17
         500         100   4.82642761E-15
         600         100   2.50869963E-13
         700         100   5.42264324E-12
         800         100   4.54361271E-11
         900         100   1.54140561E-10
        1000         100   2.78470136E-10
        1100         100   3.40567768E-10
        1200         100   3.13552240E-10
        1300         100   2.56063754E-10
        1400         100   2.05098008E-10
        1500         100   1.64083205E-10
        1600         100   1.31266609E-10
        1700         100   1.05013290E-10
        1800         100   8.40106318E-11
        1900         100   6.72085096E-11
        2000         100   5.37668070E-11
        2000         100   4.83901252E-11
        1900         100   5.08096343E-11
        1800         100   5.57696181E-11
        1700         100   6.35180866E-11
        1600         100   7.44424800E-11
        1500         100   8.90913385E-11
        1400         100   1.08312297E-10
        1300         100   1.35253475E-10
        1200         100   1.83102422E-10
        1100         100   2.50240717E-10
        1000         100   2.80779427E-10
         900         100   2.49201548E-10
         800         100   1.80972112E-10
         700         100   1.31925540E-10
         600         100   1.03620321E-10
         500         100   8.28007246E-11
         400         100   6.62386881E-11
         300         100   5.29909346E-11
         200         100   4.23927490E-11
         100         100   3.39142013E-11
           0         100   2.71313614E-11
           0         200   4.34101782E-11
         100         200   3.47281440E-11
         200         200   2.77825176E-11
         300         200   2.22261688E-11
         400         200   1.78177369E-11
         500         200   1.79742870E-11
         600         200   1.74204817E-10
         700         200   3.02935632E-09
         800         200   2.29318147E-08
         900         200   7.42668362E-08
        1000         200   1.32154241E-07
        1100         200   1.61644792E-07
        1200         200   1.49824160E-07
        1300         200   1.22749313E-07
        1400         200   9.83592727E-08
        1500         200   7.86911372E-08
        1600         200   6.29529495E-08
        1700         200   5.03623596E-08
        1800         200   4.02898870E-08
        1900         200   3.22319096E-08
        2000         200   2.57855284E-08
        2000         200   2.32069759E-08
        1900         200   2.43673242E-08
        1800         200   2.67460400E-08
        1700         200   3.04620542E-08
        1600         200   3.57011949E-08
        1500         200   4.27272049E-08
        1400         200   5.19648573E-08
        1300         200   6.50478285E-08
        1200         200   8.81047839E-08
        1100         200   1.19337273E-07
        1000         200   1.33259391E-07
         900         200   1.18839935E-07
         800         200   8.70852901E-08
         700         200   6.34551824E-08
         600         200   4.97194144E-08
         500         200   3.97166957E-08
         400         200   3.17750981E-08
         300         200   2.54240629E-08
         200         200   2.03442507E-08
         100         200   1.62816516E-08
           0         200   1.30331355E-08
           0         300   2.08182893E-08
         100         300   1.66546315E-08
         200         300   1.33237066E-08
         300         300   1.06590399E-08
         400         300   8.54248849E-09
         500         300   8.11604739E-09
         600         300   5.09873530E-08
         700         300   7.00099690E-07
         800         300   4.63381002E-06
         900         300   1.40772536E-05
        1000         300   2.45109841E-05
        1100         300   2.99789936E-05
        1200         300   2.80569257E-05
        1300         300   2.31048507E-05
        1400         300   1.85283752E-05
        1500         300   1.48239824E-05
        1600         300   1.18592015E-05
        1700         300   9.48736124E-06
        1800         300   7.58988926E-06
        1900         300   6.07191168E-06
        2000         300   4.85752935E-06
        2000         300   4.37177641E-06
        1900         300   4.59036528E-06
        1800         300   5.03847241E-06
        1700         300   5.73850230E-06
        1600         300   6.72546639E-06
        1500         300   8.04932461E-06
        1400         300   9.79630204E-06
        1300         300   1.23077716E-05
        1200         300   1.66696045E-05
        1100         300   2.22875151E-05
        1000         300   2.47184962E-05
         900         300   2.21941336E-05
         800         300   1.64781741E-05
         700         300   1.20087207E-05
         600         300   9.37467757E-06
         500         300   7.48404682E-06
         400         300   5.98826955E-06
         300         300   4.79252867E-06
         200         300   3.83642146E-06
         100         300   3.07213486E-06
           0         300   2.46145532E-06
           0         400   3.92167385E-06
         100         400   3.13733904E-06
         200         400   2.50987136E-06
         300         400   2.00791237E-06
         400         400   1.60897878E-06
         500         400   1.46899129E-06
         600         400   6.10589632E-06
         700         400   6.15005265E-05
         800         400   3.37792328E-04
         900         400   9.35005257E-04
        1000         400   1.57480477E-03
        1100         400   1.92461524E-03
        1200         400   1.82828412E-03
        1300         400   1.51924312E-03
        1400         400   1.22032524E-03
        1500         400   9.76441952E-04
        1600         400   7.81156239E-04
        1700         400   6.24925015E-04
        1800         400   4.99940012E-04
        1900         400   3.99952027E-04
        2000         400   3.19961633E-04
        2000         400   2.87965464E-04
        1900         400   3.02363740E-04
        1800         400   3.31880205E-04
        1700         400   3.77990655E-04
        1600         400   4.43001976E-04
        1500         400   5.30250953E-04
        1400         400   6.46251952E-04
        1300         400   8.16800981E-04
        1200         400   1.10418152E-03
        1100         400   1.44672487E-03
        1000         400   1.58833642E-03
         900         400   1.44063565E-03
         800         400   1.09169865E-03
         700         400   7.97300076E-04
         600         400   6.18758146E-04
         500         400   4.93389554E-04
         400         400   3.94929899E-04
         300         400   3.16304300E-04
         200         400   2.53495207E-04
         100         400   2.03360891E-04
           0         400   1.63394623E-04
           0         500   2.58294051E-04
         100         500   2.06635246E-04
         200         500   1.65308200E-04
         300         500   1.32247849E-04
         400         500   1.05980092E-04
         500         500   9.46906512E-05
         600         500   2.78917083E-04
         700         500   1.92298135E-03
         800         500   8.16517882E-03
         900         500   1.96772479E-02
        1000         500   3.14290300E-02
        1100         500   3.82883251E-02
        1200         500   3.72574553E-02
        1300         500   3.15058120E-02
        1400         500   2.54078154E-02
        1500         500   2.03361586E-02
        1600         500   1.62691083E-02
        1700         500   1.30152889E-02
        1800         500   1.04122311E-02
        1900         500   8.32978543E-03
        2000         500   6.66382862E-03
        2000         500   5.99744590E-03
        1900         500   6.29731826E-03
        1800         500   6.91205589E-03
        1700         500   7.87239708E-03
        1600         500   9.22644697E-03
        1500         500   1.10465474E-02
        1400         500   1.35082649E-02
        1300         500   1.72463153E-02
        1200         500   2.31368542E-02
        1100         500   2.93232128E-02
        1000         500   3.17013711E-02
         900         500   2.92006582E-02
         800         500   2.28856150E-02
         700         500   1.68538354E-02
         600         500   1.29549168E-02
         500         500   1.03046652E-02
         400         500   8.25893786E-03
         300         500   6.63088309E-03
         200         500   5.33446157E-03
         100         500   4.30476386E-03
           0         500   3.49030388E-03
           0         600   5.37785096E-03
         100         600   4.30228096E-03
         200         600   3.44182481E-03
         300         600   2.75350432E-03
         400         600   2.20773416E-03
         500         600   1.96935190E-03
         600         600   4.60091699E-03
         700         600   2.12179348E-02
         800         600   6.53124154E-02
         900         600  0.129804522    
        1000         600  0.190982535    
        1100         600  0.230340615    
        1200         600  0.232610568    
        1300         600  0.203625649    
        1400         600  0.165925965    
        1500         600  0.132943943    
        1600         600  0.106360093    
        1700         600   8.50881189E-02
        1800         600   6.80704936E-02
        1900         600   5.44563942E-02
        2000         600   4.35651168E-02
        2000         600   3.92086059E-02
        1900         600   4.11690362E-02
        1800         600   4.51879166E-02
        1700         600   5.14662191E-02
        1600         600   6.03202395E-02
        1500         600   7.22857118E-02
        1400         600   8.91266912E-02
        1300         600  0.115512401    
        1200         600  0.151433975    
        1100         600  0.182050541    
        1000         600  0.192564934    
         900         600  0.181338489    
         800         600  0.149974227    
         700         600  0.113231979    
         600         600   8.59115869E-02
         500         600   6.79751635E-02
         400         600   5.46987243E-02
         300         600   4.42526601E-02
         200         600   3.60216387E-02
         100         600   2.95917224E-02
           0         600   2.46413909E-02
           0         700   3.51239443E-02
         100         700   2.80991551E-02
         200         700   2.24793274E-02
         300         700   1.79841220E-02
         400         700   1.44439135E-02
         500         700   1.32549778E-02
         600         700   2.81411856E-02
         700         700   9.09328461E-02
         800         700  0.202631027    
         900         700  0.326339513    
        1000         700  0.433566928    
        1100         700  0.511088252    
        1200         700  0.538755357    
        1300         700  0.499424189    
        1400         700  0.417076528    
        1500         700  0.335361063    
        1600         700  0.268345475    
        1700         700  0.214677036    
        1800         700  0.171741635    
        1900         700  0.137393311    
        2000         700  0.109914653    
        2000         700   9.89231914E-02
        1900         700  0.103869349    
        1800         700  0.114008971    
        1700         700  0.129849374    
        1600         700  0.152209729    
        1500         700  0.182960048    
        1400         700  0.229530469    
        1300         700  0.300715804    
        1200         700  0.375123024    
        1100         700  0.422257781    
        1000         700  0.436402053    
         900         700  0.420981944    
         800         700  0.372507662    
         700         700  0.296630085    
         600         700  0.223770127    
         500         700  0.175237045    
         400         700  0.142137915    
         300         700  0.116925158    
         200         700   9.75861400E-02
         100         700   8.31267610E-02
           0         700   7.28237182E-02
           0         800   8.84188041E-02
         100         800   7.07350448E-02
         200         800   5.65880574E-02
         300         800   4.52745222E-02
         400         800   3.65082100E-02
         500         800   3.58333625E-02
         600         800   7.70047605E-02
         700         800  0.191488534    
         800         800  0.335367203    
         900         800  0.464334071    
        1000         800  0.569394827    
        1100         800  0.651556194    
        1200         800  0.703421354    
        1300         800  0.692621827    
        1400         800  0.602435529    
        1500         800  0.488575220    
        1600         800  0.391148776    
        1700         800  0.312923104    
        1800         800  0.250338495    
        1900         800  0.200270802    
        2000         800  0.160216644    
        2000         800  0.144194990    
        1900         800  0.151404738    
        1800         800  0.166184723    
        1700         800  0.189275965    
        1600         800  0.221970215    
        1500         800  0.268717676    
        1400         800  0.344930828    
        1300         800  0.446223706    
        1200         800  0.522729158    
        1100         800  0.560613036    
        1000         800  0.571529090    
         900         800  0.559652567    
         800         800  0.520760238    
         700         800  0.443147957    
         600         800  0.340594351    
         500         800  0.262903661    
         400         800  0.214387998    
         300         800  0.179546416    
         200         800  0.153821379    
         100         800  0.135789394    
           0         800  0.124546900    
           0         900  0.128539994    
         100         900  0.102831997    
         200         900   8.22656527E-02
         300         900   6.58228919E-02
         400         900   5.33230864E-02
         500         900   5.58035709E-02
         600         900  0.122197449    
         700         900  0.261992633    
         800         900  0.405634463    
         900         900  0.524265170    
        1000         900  0.619362235    
        1100         900  0.695247412    
        1200         900  0.752238274    
        1300         900  0.766025305    
        1400         900  0.690374851    
        1500         900  0.565445006    
        1600         900  0.453020781    
        1700         900  0.362426996    
        1800         900  0.289941669    
        1900         900  0.231953338    
        2000         900  0.185562670    
        2000         900  0.167006403    
        1900         900  0.175356716    
        1800         900  0.192474902    
        1700         900  0.219221950    
        1600         900  0.257249534    
        1500         900  0.313886374    
        1400         900  0.408895820    
        1300         900  0.516096711    
        1200         900  0.580606580    
        1100         900  0.611092389    
        1000         900  0.620431185    
         900         900  0.610611439    
         800         900  0.579620481    
         700         900  0.514556229    
         600         900  0.406723976    
         500         900  0.310974568    
         400         900  0.253452152    
         300         900  0.214349121    
         200         900  0.186283007    
         100         900  0.167536139    
           0         900  0.157166108    
           0        1000  0.148633778    
         100        1000  0.118907027    
         200        1000   9.51256976E-02
         300        1000   7.61138052E-02
         400        1000   6.17178492E-02
         500        1000   6.50615096E-02
         600        1000  0.139188111    
         700        1000  0.283845842    
         800        1000  0.425004184    
         900        1000  0.539953470    
        1000        1000  0.631962776    
        1100        1000  0.705520332    
        1200        1000  0.762343764    
        1300        1000  0.782370389    
        1400        1000  0.713035226    
        1500        1000  0.586115420    
        1600        1000  0.469719142    
        1700        1000  0.375788569    
        1800        1000  0.300630927    
        1900        1000  0.240504742    
        2000        1000  0.192403793    
        2000        1000  0.173163414    
        1900        1000  0.181821585    
        1800        1000  0.199570864    
        1700        1000  0.227305233    
        1600        1000  0.266801715    
        1500        1000  0.326455057    
        1400        1000  0.426804930    
        1300        1000  0.533662677    
        1200        1000  0.594117641    
        1100        1000  0.623091877    
        1000        1000  0.632246733    
         900        1000  0.622964084    
         800        1000  0.593855739    
         700        1000  0.533253491    
         600        1000  0.426228017    
         500        1000  0.325681567    
         400        1000  0.265792966    
         300        1000  0.226010755    
         200        1000  0.197925985    
         100        1000  0.179744020    
           0        1000  0.170549303    
           0        1100  0.153971851    
         100        1100  0.123177484    
         200        1100   9.85420421E-02
         300        1100   7.88440034E-02
         400        1100   6.37399703E-02
         500        1100   6.41370788E-02
         600        1100  0.128864259    
         700        1100  0.267326117    
         800        1100  0.409901202    
         900        1100  0.527678549    
        1000        1100  0.622092962    
        1100        1100  0.697431922    
        1200        1100  0.753985882    
        1300        1100  0.767423391    
        1400        1100  0.691493273    
        1500        1100  0.566339731    
        1600        1100  0.453736573    
        1700        1100  0.362999648    
        1800        1100  0.290399790    
        1900        1100  0.232319832    
        2000        1100  0.185855865    
        2000        1100  0.167270273    
        1900        1100  0.175633788    
        1800        1100  0.192779019    
        1700        1100  0.219568312    
        1600        1100  0.257655472    
        1500        1100  0.314372152    
        1400        1100  0.409485787    
        1300        1100  0.516820312    
        1200        1100  0.581499994    
        1100        1100  0.612200439    
        1000        1100  0.621809125    
         900        1100  0.612328172    
         800        1100  0.581761897    
         700        1100  0.517229497    
         600        1100  0.410062551    
         500        1100  0.315145433    
         400        1100  0.258663893    
         300        1100  0.220862299    
         200        1100  0.194423303    
         100        1100  0.177710563    
           0        1100  0.169883385    
           0        1200  0.148635939    
         100        1200  0.118908755    
         200        1200   9.51270238E-02
         300        1200   7.61056915E-02
         400        1200   6.11731447E-02
         500        1200   5.55653125E-02
         600        1200   9.27903205E-02
         700        1200  0.204117000    
         800        1200  0.345470011    
         900        1200  0.472416341    
        1000        1200  0.575860620    
        1100        1200  0.656728864    
        1200        1200  0.707559466    
        1300        1200  0.695932329    
        1400        1200  0.605083942    
        1500        1200  0.490693957    
        1600        1200  0.392843753    
        1700        1200  0.314279079    
        1800        1200  0.251423299    
        1900        1200  0.201138645    
        2000        1200  0.160910919    
        2000        1200  0.144819826    
        1900        1200  0.152060822    
        1800        1200  0.166904852    
        1700        1200  0.190096140    
        1600        1200  0.222931460    
        1500        1200  0.269868016    
        1400        1200  0.346327841    
        1300        1200  0.447937250    
        1200        1200  0.524844825    
        1100        1200  0.563236713    
        1000        1200  0.574791908    
         900        1200  0.563717604    
         800        1200  0.525830746    
         700        1200  0.449477434    
         600        1200  0.348499358    
         500        1200  0.272779405    
         400        1200  0.226728290    
         300        1200  0.194968268    
         200        1200  0.173095867    
         100        1200  0.159880251    
           0        1200  0.154658675    
           0        1300  0.128545135    
         100        1300  0.102836110    
         200        1300   8.22688937E-02
         300        1300   6.58157766E-02
         400        1300   5.27092367E-02
         500        1300   4.38672379E-02
         600        1300   5.26309945E-02
         700        1300  0.110524699    
         800        1300  0.218304515    
         900        1300  0.338878304    
        1000        1300  0.443598002    
        1100        1300  0.519113064    
        1200        1300  0.545175195    
        1300        1300  0.504560053    
        1400        1300  0.421185255    
        1500        1300  0.338648051    
        1600        1300  0.270975053    
        1700        1300  0.216780692    
        1800        1300  0.173424557    
        1900        1300  0.138739645    
        2000        1300  0.110991716    
        2000        1300   9.98925418E-02
        1900        1300  0.104887173    
        1800        1300  0.115126163    
        1700        1300  0.131121784    
        1600        1300  0.153700992    
        1500        1300  0.184744716    
        1400        1300  0.231697768    
        1300        1300  0.303374082    
        1200        1300  0.378405213    
        1100        1300  0.426328003    
        1000        1300  0.441463828    
         900        1300  0.427288353    
         800        1300  0.380374014    
         700        1300  0.306449711    
         600        1300  0.236033976    
         500        1300  0.190558344    
         400        1300  0.161282703    
         300        1300  0.140850693    
         200        1300  0.127488688    
         100        1300  0.120501444    
           0        1300  0.119539283    
           0        1400   8.84267464E-02
         100        1400   7.07414001E-02
         200        1400   5.65931201E-02
         300        1400   4.52745408E-02
         400        1400   3.62245627E-02
         500        1400   2.91828159E-02
         600        1400   2.63716877E-02
         700        1400   3.86345536E-02
         800        1400   7.92457163E-02
         900        1400  0.140951172    
        1000        1400  0.199899867    
        1100        1400  0.237474486    
        1200        1400  0.238317654    
        1300        1400  0.208191335    
        1400        1400  0.169578508    
        1500        1400  0.135865971    
        1600        1400  0.108697712    
        1700        1400   8.69582146E-02
        1800        1400   6.95665702E-02
        1900        1400   5.56532554E-02
        2000        1400   4.45226058E-02
        2000        1400   4.00703475E-02
        1900        1400   4.20738608E-02
        1800        1400   4.61810715E-02
        1700        1400   5.25973588E-02
        1600        1400   6.16459250E-02
        1500        1400   7.38722235E-02
        1400        1400   9.10533592E-02
        1300        1400  0.117875546    
        1200        1400  0.154351771    
        1100        1400  0.185668901    
        1000        1400  0.197064728    
         900        1400  0.186944693    
         800        1400  0.156967193    
         700        1400  0.121961348    
         600        1400   9.68138203E-02
         500        1400   8.15953687E-02
         400        1400   7.17179254E-02
         300        1400   6.55218065E-02
         200        1400   6.26041889E-02
         100        1400   6.28168061E-02
           0        1400   6.61702603E-02
           0        1500   3.51310149E-02
         100        1500   2.81048119E-02
         200        1500   2.24838499E-02
         300        1500   1.79870818E-02
         400        1500   1.43898474E-02
         500        1500   1.15217846E-02
         600        1500   9.42059234E-03
         700        1500   9.23632178E-03
         800        1500   1.40158515E-02
         900        1500   2.43577845E-02
        1000        1500   3.51734571E-02
        1100        1500   4.12838683E-02
        1200        1500   3.96538898E-02
        1300        1500   3.34229581E-02
        1400        1500   2.69415323E-02
        1500        1500   2.15631332E-02
        1600        1500   1.72506887E-02
        1700        1500   1.38005530E-02
        1800        1500   1.10404426E-02
        1900        1500   8.83235410E-03
        2000        1500   7.06588337E-03
        2000        1500   6.35929499E-03
        1900        1500   6.67725969E-03
        1800        1500   7.32908770E-03
        1700        1500   8.34736973E-03
        1600        1500   9.78310965E-03
        1500        1500   1.17127327E-02
        1400        1500   1.43172815E-02
        1300        1500   1.82386152E-02
        1200        1500   2.43620537E-02
        1100        1500   3.08425687E-02
        1000        1500   3.35908495E-02
         900        1500   3.15547436E-02
         800        1500   2.58220024E-02
         700        1500   2.05193460E-02
         600        1500   1.75328273E-02
         500        1500   1.60238706E-02
         400        1500   1.54053979E-02
         300        1500   1.55619206E-02
         200        1500   1.64966285E-02
         100        1500   1.82561688E-02
           0        1500   2.09285188E-02
           0        1600   5.38081722E-03
         100        1600   4.30465396E-03
         200        1600   3.44372331E-03
         300        1600   2.75497860E-03
         400        1600   2.20398558E-03
         500        1600   1.76337035E-03
         600        1600   1.41562696E-03
         700        1600   1.18911732E-03
         800        1600   1.23988581E-03
         900        1600   1.65668014E-03
        1000        1600   2.15214491E-03
        1100        1600   2.38648732E-03
        1200        1600   2.19778181E-03
        1300        1600   1.81484129E-03
        1400        1600   1.45680376E-03
        1500        1600   1.16562482E-03
        1600        1600   9.32502502E-04
        1700        1600   7.46002013E-04
        1800        1600   5.96801634E-04
        1900        1600   4.77441325E-04
        2000        1600   3.81953054E-04
        2000        1600   3.43757740E-04
        1900        1600   3.60945647E-04
        1800        1600   3.96180811E-04
        1700        1600   4.51225002E-04
        1600        1600   5.28831792E-04
        1500        1600   6.32967742E-04
        1400        1600   7.70991493E-04
        1300        1600   9.69800167E-04
        1200        1600   1.29309064E-03
        1100        1600   1.68098905E-03
        1000        1600   1.87966914E-03
         900        1600   1.80360314E-03
         800        1600   1.54444936E-03
         700        1600   1.36247172E-03
         600        1600   1.32460927E-03
         500        1600   1.37521280E-03
         400        1600   1.49681617E-03
         300        1600   1.69334793E-03
         200        1600   1.97454868E-03
         100        1600   2.35447660E-03
           0        1600   2.85212835E-03
           0        1700   2.58751505E-04
         100        1700   2.07001212E-04
         200        1700   1.65600970E-04
         300        1700   1.32480782E-04
         400        1700   1.05984640E-04
         500        1700   8.47889969E-05
         600        1700   6.78756915E-05
         700        1700   5.49598626E-05
         800        1700   4.80416202E-05
         900        1700   4.88035002E-05
        1000        1700   5.22919800E-05
        1100        1700   5.22037881E-05
        1200        1700   4.58367613E-05
        1300        1700   3.73287185E-05
        1400        1700   2.99074691E-05
        1500        1700   2.39272576E-05
        1600        1700   1.91418221E-05
        1700        1700   1.53134588E-05
        1800        1700   1.22507672E-05
        1900        1700   9.80061395E-06
        2000        1700   7.84049098E-06
        2000        1700   7.05644197E-06
        1900        1700   7.40926407E-06
        1800        1700   8.13254974E-06
        1700        1700   9.26246230E-06
        1600        1700   1.08555050E-05
        1500        1700   1.29919445E-05
        1400        1700   1.57986342E-05
        1300        1700   1.96699330E-05
        1200        1700   2.57597039E-05
        1100        1700   3.35600562E-05
        1000        1700   3.87371110E-05
         900        1700   3.96597461E-05
         800        1700   3.82640719E-05
         700        1700   3.92041984E-05
         600        1700   4.33395035E-05
         500        1700   4.99164671E-05
         400        1700   5.90099007E-05
         300        1700   7.10544555E-05
         200        1700   8.66517366E-05
         100        1700   1.06581610E-04
           0        1700   1.31840556E-04
           0        1800   3.94368362E-06
         100        1800   3.15494685E-06
         200        1800   2.52395762E-06
         300        1800   2.01916623E-06
         400        1800   1.61533308E-06
         500        1800   1.29227021E-06
         600        1800   1.03397599E-06
         700        1800   8.30070803E-07
         800        1800   6.84565009E-07
         900        1800   6.03573426E-07
        1000        1800   5.55599513E-07
        1100        1800   5.00401029E-07
        1200        1800   4.20829167E-07
        1300        1800   3.39553338E-07
        1400        1800   2.71802492E-07
        1500        1800   2.17445731E-07
        1600        1800   1.73956622E-07
        1700        1800   1.39165294E-07
        1800        1800   1.11332234E-07
        1900        1800   8.90657859E-08
        2000        1800   7.12526287E-08
        2000        1800   6.41273630E-08
        1900        1800   6.73337368E-08
        1800        1800   7.39067900E-08
        1700        1800   8.41751842E-08
        1600        1800   9.86523645E-08
        1500        1800   1.18063966E-07
        1400        1800   1.43454045E-07
        1300        1800   1.77263900E-07
        1200        1800   2.26658528E-07
        1100        1800   2.91156368E-07
        1000        1800   3.46934826E-07
         900        1800   3.85055444E-07
         800        1800   4.19151661E-07
         700        1800   4.77975732E-07
         600        1800   5.67420159E-07
         500        1800   6.86482736E-07
         400        1800   8.39944676E-07
         300        1800   1.03540560E-06
         200        1800   1.28263684E-06
         100        1800   1.59399985E-06
           0        1800   1.98506291E-06
           0        1900   2.11537774E-08
         100        1900   1.69230230E-08
         200        1900   1.35384184E-08
         300        1900   1.08307345E-08
         400        1900   8.66458816E-09
         500        1900   6.93167523E-09
         600        1900   5.54558710E-09
         700        1900   4.44169190E-09
         800        1900   3.59445185E-09
         900        1900   2.99335445E-09
        1000        1900   2.54984278E-09
        1100        1900   2.15766693E-09
        1200        1900   1.76723192E-09
        1300        1900   1.41900758E-09
        1400        1900   1.13545306E-09
        1500        1900   9.08367270E-10
        1600        1900   7.26693872E-10
        1700        1900   5.81355131E-10
        1800        1900   4.65084110E-10
        1900        1900   3.72067294E-10
        2000        1900   2.97653846E-10
        2000        1900   2.67888461E-10
        1900        1900   2.81282886E-10
        1800        1900   3.08741449E-10
        1700        1900   3.51637081E-10
        1600        1900   4.12114565E-10
        1500        1900   4.93200147E-10
        1400        1900   5.99063243E-10
        1300        1900   7.37184147E-10
        1200        1900   9.26309418E-10
        1100        1900   1.17188459E-09
        1000        1900   1.42694190E-09
         900        1900   1.67718994E-09
         800        1900   1.96218530E-09
         700        1900   2.35542430E-09
         600        1900   2.88057977E-09
         500        1900   3.55206908E-09
         400        1900   4.40127934E-09
         300        1900   5.47055556E-09
         200        1900   6.81335965E-09
         100        1900   8.49683168E-09
           0        1900   1.06051452E-08
           0        2000   4.52101342E-11
         100        2000   3.61681067E-11
         200        2000   2.89344850E-11
         300        2000   2.31475880E-11
         400        2000   1.85180708E-11
         500        2000   1.48144570E-11
         600        2000   1.18515657E-11
         700        2000   9.48125259E-12
         800        2000   7.58500207E-12
         900        2000   6.06800157E-12
        1000        2000   4.85440117E-12
        1100        2000   3.88352111E-12
        1200        2000   3.10681689E-12
        1300        2000   2.48545347E-12
        1400        2000   1.98836282E-12
        1500        2000   1.59069025E-12
        1600        2000   1.27255227E-12
        1700        2000   1.01804188E-12
        1800        2000   8.14433536E-13
        1900        2000   6.51546850E-13
        2000        2000   5.21237513E-13
        2000        2000   4.69113789E-13
        1900        2000   4.92569418E-13
        1800        2000   5.40653568E-13
        1700        2000   6.15770401E-13
        1600        2000   7.21675703E-13
        1500        2000   8.63664771E-13
        1400        2000   1.04883712E-12
        1300        2000   1.28645131E-12
        1200        2000   1.58838806E-12
        1100        2000   1.96974425E-12
        1000        2000   2.44958762E-12
         900        2000   3.05191029E-12
         800        2000   3.80682855E-12
         700        2000   4.75208848E-12
         600        2000   5.93495262E-12
         500        2000   7.41456462E-12
         400        2000   9.26490395E-12
         300        2000   1.15784890E-11
         200        2000   1.44709982E-11
         100        2000   1.80870579E-11
           0        2000   2.26074715E-11
