0 0 -0.2464027
1 0 -0.24911295
2 0 -0.24924405
3 0 -0.2493168
4 0 -0.24936758
5 0 -0.24945621
6 0 -0.2495673
7 0 -0.24952409
8 0 -0.250184
9 0 -0.25113934
10 0 -0.25244257
11 0 -0.25420213
12 0 -0.2560901
13 0 -0.25863922
14 0 -0.26139998
15 0 -0.26381898
16 0 -0.26737276
17 0 -0.27079785
18 0 -0.27457207
19 0 -0.27836436
20 0 -0.28319892
0 1 -0.31341398
1 1 -0.3175173
2 1 -0.317676
3 1 -0.31515935
4 1 -0.31272793
5 1 -0.310641
6 1 -0.30878085
7 1 -0.3070374
8 1 -0.3058665
9 1 -0.30533037
10 1 -0.30528396
11 1 -0.30551565
12 1 -0.30622247
13 1 -0.3071956
14 1 -0.30769807
15 1 -0.3097716
16 1 -0.3121957
17 1 -0.31412932
18 1 -0.3156247
19 1 -0.31715232
20 1 -0.31858373
0 2 -0.33071598
1 2 -0.33235177
2 2 -0.33363473
3 2 -0.33463013
4 2 -0.33531812
5 2 -0.33593825
6 2 -0.33342478
7 2 -0.33516723
8 2 -0.3361228
9 2 -0.33624417
10 2 -0.33696243
11 2 -0.33724272
12 2 -0.33724174
13 2 -0.33722416
14 2 -0.337146
15 2 -0.33727324
16 2 -0.33749026
17 2 -0.3375811
18 2 -0.33885893
19 2 -0.33789384
20 2 -0.33967584
0 3 -0.33796832
1 3 -0.33915997
2 3 -0.3398907
3 3 -0.34044343
4 3 -0.34107798
5 3 -0.3415892
6 3 -0.34180698
7 3 -0.34173107
8 3 -0.341358
9 3 -0.34072715
10 3 -0.33981696
11 3 -0.33861992
12 3 -0.33708376
13 3 -0.33599392
14 3 -0.33521166
15 3 -0.3347854
16 3 -0.33465308
17 3 -0.3346743
18 3 -0.3354021
19 3 -0.33778372
20 3 -0.33588478
0 4 -0.32896793
1 4 -0.33353612
2 4 -0.33308762
3 4 -0.33122993
4 4 -0.33377537
5 4 -0.33244404
6 4 -0.33078778
7 4 -0.32970133
8 4 -0.32693347
9 4 -0.3247281
10 4 -0.32252714
11 4 -0.3208052
12 4 -0.31959864
13 4 -0.3190691
14 4 -0.31898218
15 4 -0.31929517
16 4 -0.31999195
17 4 -0.3209888
18 4 -0.32230058
19 4 -0.3237994
20 4 -0.32529867
0 5 -0.3131974
1 5 -0.31699118
2 5 -0.31731004
3 5 -0.31550288
4 5 -0.3139511
5 5 -0.31241834
6 5 -0.31081286
7 5 -0.30922544
8 5 -0.3076629
9 5 -0.30635503
10 5 -0.3052903
11 5 -0.30452004
12 5 -0.30422536
13 5 -0.30459598
14 5 -0.3055115
15 5 -0.30662555
16 5 -0.30801594
17 5 -0.30961362
18 5 -0.3113722
19 5 -0.31316105
20 5 -0.31499994
0 6 -0.3034004
1 6 -0.30603448
2 6 -0.30572635
3 6 -0.3045901
4 6 -0.30385548
5 6 -0.30324706
6 6 -0.30251658
7 6 -0.30161083
8 6 -0.30066377
9 6 -0.2996076
10 6 -0.2987614
11 6 -0.29831755
12 6 -0.29844794
13 6 -0.2992636
14 6 -0.30050093
15 6 -0.3020527
16 6 -0.30374342
17 6 -0.3055872
18 6 -0.3074422
19 6 -0.3094354
20 6 -0.31129357
0 7 -0.29704922
1 7 -0.29959002
2 7 -0.29929876
3 7 -0.29811907
4 7 -0.29757804
5 7 -0.29714298
6 7 -0.29647353
7 7 -0.29539025
8 7 -0.29391783
9 7 -0.2923443
10 7 -0.29110894
11 7 -0.2905535
12 7 -0.29096
13 7 -0.29226327
14 7 -0.29415464
15 7 -0.29611316
16 7 -0.29818133
17 7 -0.30024216
18 7 -0.30240354
19 7 -0.3044673
20 7 -0.30638334
0 8 -0.2924786
1 8 -0.29640713
2 8 -0.2958363
3 8 -0.2946007
4 8 -0.2942059
5 8 -0.29393834
6 8 -0.29325205
7 8 -0.29154986
8 8 -0.28874052
9 8 -0.28560057
10 8 -0.28346014
11 8 -0.28319404
12 8 -0.28441134
13 8 -0.28664917
14 8 -0.2892051
15 8 -0.29171345
16 8 -0.29427868
17 8 -0.29679018
18 8 -0.2992016
19 8 -0.3016201
20 8 -0.30373928
0 9 -0.2896558
1 9 -0.293463
2 9 -0.29307675
3 9 -0.291764
4 9 -0.2916109
5 9 -0.2916036
6 9 -0.29060796
7 9 -0.28733423
8 9 -0.28159
9 9 -0.2762303
10 9 -0.27394998
11 9 -0.27472368
12 9 -0.2773885
13 9 -0.2809699
14 9 -0.28488302
15 9 -0.28812453
16 9 -0.29141095
17 9 -0.2941981
18 9 -0.29686293
19 9 -0.29936054
20 9 -0.30165282
0 10 -0.28629223
1 10 -0.29077226
2 10 -0.29042143
3 10 -0.28955984
4 10 -0.28985965
5 10 -0.29009038
6 10 -0.28868434
7 10 -0.28344452
8 10 -0.2738582
9 10 -0.2670192
10 10 -0.26485097
11 10 -0.26694745
12 10 -0.27150026
13 10 -0.27653304
14 10 -0.28113198
15 10 -0.28505296
16 10 -0.28872463
17 10 -0.29202473
18 10 -0.29519227
19 10 -0.29801017
20 10 -0.30038056
0 11 -0.28630686
1 11 -0.29115435
2 11 -0.29103082
3 11 -0.29005814
4 11 -0.29053155
5 11 -0.29068682
6 11 -0.2885901
7 11 -0.28158438
8 11 -0.27160424
9 11 -0.2642963
10 11 -0.26172543
11 11 -0.26406482
12 11 -0.2695654
13 11 -0.27581403
14 11 -0.28074208
15 11 -0.28486592
16 11 -0.28863162
17 11 -0.2919881
18 11 -0.29496667
19 11 -0.2976254
20 11 -0.30002192
0 12 -0.2906331
1 12 -0.29457945
2 12 -0.2939901
3 12 -0.29301938
4 12 -0.2932806
5 12 -0.2933348
6 12 -0.2914251
7 12 -0.2851733
8 12 -0.27476642
9 12 -0.2678515
10 12 -0.26578483
11 12 -0.2686269
12 12 -0.2740633
13 12 -0.27936512
14 12 -0.28394723
15 12 -0.2877273
16 12 -0.29123077
17 12 -0.29439855
18 12 -0.2974042
19 12 -0.3000031
20 12 -0.30240744
0 13 -0.29851872
1 13 -0.3014653
2 13 -0.30077854
3 13 -0.29940423
4 13 -0.29921088
5 13 -0.29896918
6 13 -0.29739568
7 13 -0.29294246
8 13 -0.28561544
9 13 -0.27948767
10 13 -0.2774918
11 13 -0.2795084
12 13 -0.28370818
13 13 -0.2874751
14 13 -0.29095757
15 13 -0.2940189
16 13 -0.29704702
17 13 -0.29986227
18 13 -0.3024878
19 13 -0.30487064
20 13 -0.30709553
0 14 -0.30847934
1 14 -0.3103629
2 14 -0.30954918
3 14 -0.30807477
4 14 -0.3075162
5 14 -0.30704546
6 14 -0.30599004
7 14 -0.30351806
8 14 -0.29897797
9 14 -0.29496422
10 14 -0.29301938
11 14 -0.2934432
12 14 -0.29533386
13 14 -0.2976166
14 14 -0.29998383
15 14 -0.3023479
16 14 -0.30480838
17 14 -0.3073233
18 14 -0.3096168
19 14 -0.311673
20 14 -0.31360903
0 15 -0.31810448
1 15 -0.31953615
2 15 -0.31905836
3 15 -0.3177678
4 15 -0.316998
5 15 -0.31635323
6 15 -0.3154362
7 15 -0.31395328
8 15 -0.3117699
9 15 -0.3093297
10 15 -0.30754647
11 15 -0.30693218
12 15 -0.30750716
13 15 -0.30865073
14 15 -0.31010118
15 15 -0.31168714
16 15 -0.31348965
17 15 -0.3153935
18 15 -0.3171892
19 15 -0.31892186
20 15 -0.3205618
0 16 -0.3268141
1 16 -0.32783753
2 16 -0.32762977
3 16 -0.3268197
4 16 -0.3261566
5 16 -0.32549936
6 16 -0.32471174
7 16 -0.32375178
8 16 -0.3223709
9 16 -0.32093167
10 16 -0.31965795
11 16 -0.31892797
12 16 -0.31894946
13 16 -0.3192893
14 16 -0.31997436
15 16 -0.32090604
16 16 -0.3221497
17 16 -0.32357746
18 16 -0.3249066
19 16 -0.32622984
20 16 -0.32749304
0 17 -0.3334055
1 17 -0.33439624
2 17 -0.33443725
3 17 -0.3339907
4 17 -0.33358493
5 17 -0.33311617
6 17 -0.33259103
7 17 -0.3319316
8 17 -0.33118817
9 17 -0.33040398
10 17 -0.32963833
11 17 -0.3290822
12 17 -0.32888418
13 17 -0.3290048
14 17 -0.32931998
15 17 -0.32981902
16 17 -0.3306369
17 17 -0.33163154
18 17 -0.33260372
19 17 -0.3335554
20 17 -0.3345034
0 18 -0.33988166
1 18 -0.34073862
2 18 -0.34092757
3 18 -0.3408253
4 18 -0.34061068
5 18 -0.34037873
6 18 -0.33997345
7 18 -0.33962092
8 18 -0.33911458
9 18 -0.33860454
10 18 -0.3381204
11 18 -0.33778813
12 18 -0.33755007
13 18 -0.33746073
14 18 -0.33759084
15 18 -0.3378167
16 18 -0.33838654
17 18 -0.33899397
18 18 -0.33968514
19 18 -0.3403868
20 18 -0.34116587
0 19 -0.34549406
1 19 -0.34617767
2 19 -0.34655192
3 19 -0.3466132
4 19 -0.34656364
5 19 -0.34647894
6 19 -0.34633586
7 19 -0.34617326
8 19 -0.34607342
9 19 -0.34579045
10 19 -0.345549
11 19 -0.34534952
12 19 -0.34531826
13 19 -0.34536123
14 19 -0.34546256
15 19 -0.34566155
16 19 -0.3460507
17 19 -0.34638396
18 19 -0.34688517
19 19 -0.34744698
20 19 -0.34805635
0 20 -0.35169947
1 20 -0.3523511
2 20 -0.35272902
3 20 -0.3528477
4 20 -0.3529219
5 20 -0.3529412
6 20 -0.35296243
7 20 -0.35289553
8 20 -0.352866
9 20 -0.35272488
10 20 -0.35266432
11 20 -0.3525552
12 20 -0.35267457
13 20 -0.35258448
14 20 -0.35264358
15 20 -0.35282108
16 20 -0.35300028
17 20 -0.3533284
18 20 -0.3536868
19 20 -0.35413116
20 20 -0.35468876
