           0           0   1.40129846E-45
           0         100   0.00000000    
           0         200   0.00000000    
           0         300   0.00000000    
           0         400   0.00000000    
           0         500   0.00000000    
           0         600   0.00000000    
           0         700   0.00000000    
           0         800   0.00000000    
           0         900   0.00000000    
           0        1000   0.00000000    
           0        1100   0.00000000    
           0        1200   0.00000000    
           0        1300   0.00000000    
           0        1400   0.00000000    
           0        1500   0.00000000    
           0        1600   0.00000000    
           0        1700   0.00000000    
           0        1800   0.00000000    
           0        1900   0.00000000    
           0        2000   0.00000000    
         100           0   1.40129846E-45
         100         100   0.00000000    
         100         200   0.00000000    
         100         300   0.00000000    
         100         400   0.00000000    
         100         500   0.00000000    
         100         600   0.00000000    
         100         700   0.00000000    
         100         800   0.00000000    
         100         900   0.00000000    
         100        1000   0.00000000    
         100        1100   0.00000000    
         100        1200   0.00000000    
         100        1300   0.00000000    
         100        1400   0.00000000    
         100        1500   0.00000000    
         100        1600   0.00000000    
         100        1700   0.00000000    
         100        1800   0.00000000    
         100        1900   0.00000000    
         100        2000   0.00000000    
         200           0   1.40129846E-45
         200         100   0.00000000    
         200         200   0.00000000    
         200         300   0.00000000    
         200         400   0.00000000    
         200         500   0.00000000    
         200         600   0.00000000    
         200         700   0.00000000    
         200         800   0.00000000    
         200         900   0.00000000    
         200        1000   0.00000000    
         200        1100   0.00000000    
         200        1200   0.00000000    
         200        1300   0.00000000    
         200        1400   0.00000000    
         200        1500   0.00000000    
         200        1600   0.00000000    
         200        1700   0.00000000    
         200        1800   0.00000000    
         200        1900   0.00000000    
         200        2000   0.00000000    
         300           0   1.40129846E-45
         300         100   0.00000000    
         300         200   0.00000000    
         300         300   0.00000000    
         300         400   0.00000000    
         300         500   0.00000000    
         300         600   0.00000000    
         300         700   0.00000000    
         300         800   0.00000000    
         300         900   0.00000000    
         300        1000   0.00000000    
         300        1100   0.00000000    
         300        1200   0.00000000    
         300        1300   0.00000000    
         300        1400   0.00000000    
         300        1500   0.00000000    
         300        1600   0.00000000    
         300        1700   0.00000000    
         300        1800   0.00000000    
         300        1900   0.00000000    
         300        2000   0.00000000    
         400           0   1.40129846E-45
         400         100   0.00000000    
         400         200   0.00000000    
         400         300   0.00000000    
         400         400   0.00000000    
         400         500   0.00000000    
         400         600   0.00000000    
         400         700   0.00000000    
         400         800   0.00000000    
         400         900   0.00000000    
         400        1000   0.00000000    
         400        1100   0.00000000    
         400        1200   0.00000000    
         400        1300   0.00000000    
         400        1400   0.00000000    
         400        1500   0.00000000    
         400        1600   0.00000000    
         400        1700   0.00000000    
         400        1800   0.00000000    
         400        1900   0.00000000    
         400        2000   0.00000000    
         500           0   1.40129846E-45
         500         100   0.00000000    
         500         200   0.00000000    
         500         300   0.00000000    
         500         400   0.00000000    
         500         500   0.00000000    
         500         600   0.00000000    
         500         700   0.00000000    
         500         800   0.00000000    
         500         900   0.00000000    
         500        1000   0.00000000    
         500        1100   0.00000000    
         500        1200   0.00000000    
         500        1300   0.00000000    
         500        1400   0.00000000    
         500        1500   0.00000000    
         500        1600   0.00000000    
         500        1700   0.00000000    
         500        1800   0.00000000    
         500        1900   0.00000000    
         500        2000   0.00000000    
         600           0   1.40129846E-45
         600         100   0.00000000    
         600         200   0.00000000    
         600         300   0.00000000    
         600         400   0.00000000    
         600         500   0.00000000    
         600         600   0.00000000    
         600         700   0.00000000    
         600         800   0.00000000    
         600         900   0.00000000    
         600        1000   0.00000000    
         600        1100   0.00000000    
         600        1200   0.00000000    
         600        1300   0.00000000    
         600        1400   0.00000000    
         600        1500   0.00000000    
         600        1600   0.00000000    
         600        1700   0.00000000    
         600        1800   0.00000000    
         600        1900   0.00000000    
         600        2000   0.00000000    
         700           0   1.40129846E-45
         700         100   0.00000000    
         700         200   0.00000000    
         700         300   0.00000000    
         700         400   0.00000000    
         700         500   0.00000000    
         700         600   0.00000000    
         700         700   0.00000000    
         700         800  0.100000001    
         700         900  0.100000001    
         700        1000  0.100000001    
         700        1100  0.100000001    
         700        1200  0.100000001    
         700        1300   0.00000000    
         700        1400   0.00000000    
         700        1500   0.00000000    
         700        1600   0.00000000    
         700        1700   0.00000000    
         700        1800   0.00000000    
         700        1900   0.00000000    
         700        2000   0.00000000    
         800           0   1.40129846E-45
         800         100   0.00000000    
         800         200   0.00000000    
         800         300   0.00000000    
         800         400   0.00000000    
         800         500   0.00000000    
         800         600   0.00000000    
         800         700  0.100000001    
         800         800  0.100000001    
         800         900  0.100000001    
         800        1000  0.100000001    
         800        1100  0.100000001    
         800        1200  0.100000001    
         800        1300  0.100000001    
         800        1400   0.00000000    
         800        1500   0.00000000    
         800        1600   0.00000000    
         800        1700   0.00000000    
         800        1800   0.00000000    
         800        1900   0.00000000    
         800        2000   0.00000000    
         900           0   1.40129846E-45
         900         100   0.00000000    
         900         200   0.00000000    
         900         300   0.00000000    
         900         400   0.00000000    
         900         500   0.00000000    
         900         600   0.00000000    
         900         700  0.100000001    
         900         800  0.100000001    
         900         900  0.100000001    
         900        1000  0.100000001    
         900        1100  0.100000001    
         900        1200  0.100000001    
         900        1300  0.100000001    
         900        1400   0.00000000    
         900        1500   0.00000000    
         900        1600   0.00000000    
         900        1700   0.00000000    
         900        1800   0.00000000    
         900        1900   0.00000000    
         900        2000   0.00000000    
        1000           0   1.40129846E-45
        1000         100   0.00000000    
        1000         200   0.00000000    
        1000         300   0.00000000    
        1000         400   0.00000000    
        1000         500   0.00000000    
        1000         600   0.00000000    
        1000         700  0.100000001    
        1000         800  0.100000001    
        1000         900  0.100000001    
        1000        1000  0.100000001    
        1000        1100  0.100000001    
        1000        1200  0.100000001    
        1000        1300  0.100000001    
        1000        1400   0.00000000    
        1000        1500   0.00000000    
        1000        1600   0.00000000    
        1000        1700   0.00000000    
        1000        1800   0.00000000    
        1000        1900   0.00000000    
        1000        2000   0.00000000    
        1100           0   1.40129846E-45
        1100         100   0.00000000    
        1100         200   0.00000000    
        1100         300   0.00000000    
        1100         400   0.00000000    
        1100         500   0.00000000    
        1100         600   0.00000000    
        1100         700  0.100000001    
        1100         800  0.100000001    
        1100         900  0.100000001    
        1100        1000  0.100000001    
        1100        1100  0.100000001    
        1100        1200  0.100000001    
        1100        1300  0.100000001    
        1100        1400   0.00000000    
        1100        1500   0.00000000    
        1100        1600   0.00000000    
        1100        1700   0.00000000    
        1100        1800   0.00000000    
        1100        1900   0.00000000    
        1100        2000   0.00000000    
        1200           0   1.40129846E-45
        1200         100   0.00000000    
        1200         200   0.00000000    
        1200         300   0.00000000    
        1200         400   0.00000000    
        1200         500   0.00000000    
        1200         600   0.00000000    
        1200         700  0.100000001    
        1200         800  0.100000001    
        1200         900  0.100000001    
        1200        1000  0.100000001    
        1200        1100  0.100000001    
        1200        1200  0.100000001    
        1200        1300  0.100000001    
        1200        1400   0.00000000    
        1200        1500   0.00000000    
        1200        1600   0.00000000    
        1200        1700   0.00000000    
        1200        1800   0.00000000    
        1200        1900   0.00000000    
        1200        2000   0.00000000    
        1300           0   1.40129846E-45
        1300         100   0.00000000    
        1300         200   0.00000000    
        1300         300   0.00000000    
        1300         400   0.00000000    
        1300         500   0.00000000    
        1300         600   0.00000000    
        1300         700   0.00000000    
        1300         800  0.100000001    
        1300         900  0.100000001    
        1300        1000  0.100000001    
        1300        1100  0.100000001    
        1300        1200  0.100000001    
        1300        1300   0.00000000    
        1300        1400   0.00000000    
        1300        1500   0.00000000    
        1300        1600   0.00000000    
        1300        1700   0.00000000    
        1300        1800   0.00000000    
        1300        1900   0.00000000    
        1300        2000   0.00000000    
        1400           0   1.40129846E-45
        1400         100   0.00000000    
        1400         200   0.00000000    
        1400         300   0.00000000    
        1400         400   0.00000000    
        1400         500   0.00000000    
        1400         600   0.00000000    
        1400         700   0.00000000    
        1400         800   0.00000000    
        1400         900   0.00000000    
        1400        1000   0.00000000    
        1400        1100   0.00000000    
        1400        1200   0.00000000    
        1400        1300   0.00000000    
        1400        1400   0.00000000    
        1400        1500   0.00000000    
        1400        1600   0.00000000    
        1400        1700   0.00000000    
        1400        1800   0.00000000    
        1400        1900   0.00000000    
        1400        2000   0.00000000    
        1500           0   1.40129846E-45
        1500         100   0.00000000    
        1500         200   0.00000000    
        1500         300   0.00000000    
        1500         400   0.00000000    
        1500         500   0.00000000    
        1500         600   0.00000000    
        1500         700   0.00000000    
        1500         800   0.00000000    
        1500         900   0.00000000    
        1500        1000   0.00000000    
        1500        1100   0.00000000    
        1500        1200   0.00000000    
        1500        1300   0.00000000    
        1500        1400   0.00000000    
        1500        1500   0.00000000    
        1500        1600   0.00000000    
        1500        1700   0.00000000    
        1500        1800   0.00000000    
        1500        1900   0.00000000    
        1500        2000   0.00000000    
        1600           0   1.40129846E-45
        1600         100   0.00000000    
        1600         200   0.00000000    
        1600         300   0.00000000    
        1600         400   0.00000000    
        1600         500   0.00000000    
        1600         600   0.00000000    
        1600         700   0.00000000    
        1600         800   0.00000000    
        1600         900   0.00000000    
        1600        1000   0.00000000    
        1600        1100   0.00000000    
        1600        1200   0.00000000    
        1600        1300   0.00000000    
        1600        1400   0.00000000    
        1600        1500   0.00000000    
        1600        1600   0.00000000    
        1600        1700   0.00000000    
        1600        1800   0.00000000    
        1600        1900   0.00000000    
        1600        2000   0.00000000    
        1700           0   1.40129846E-45
        1700         100   0.00000000    
        1700         200   0.00000000    
        1700         300   0.00000000    
        1700         400   0.00000000    
        1700         500   0.00000000    
        1700         600   0.00000000    
        1700         700   0.00000000    
        1700         800   0.00000000    
        1700         900   0.00000000    
        1700        1000   0.00000000    
        1700        1100   0.00000000    
        1700        1200   0.00000000    
        1700        1300   0.00000000    
        1700        1400   0.00000000    
        1700        1500   0.00000000    
        1700        1600   0.00000000    
        1700        1700   0.00000000    
        1700        1800   0.00000000    
        1700        1900   0.00000000    
        1700        2000   0.00000000    
        1800           0   1.40129846E-45
        1800         100   0.00000000    
        1800         200   0.00000000    
        1800         300   0.00000000    
        1800         400   0.00000000    
        1800         500   0.00000000    
        1800         600   0.00000000    
        1800         700   0.00000000    
        1800         800   0.00000000    
        1800         900   0.00000000    
        1800        1000   0.00000000    
        1800        1100   0.00000000    
        1800        1200   0.00000000    
        1800        1300   0.00000000    
        1800        1400   0.00000000    
        1800        1500   0.00000000    
        1800        1600   0.00000000    
        1800        1700   0.00000000    
        1800        1800   0.00000000    
        1800        1900   0.00000000    
        1800        2000   0.00000000    
        1900           0   1.40129846E-45
        1900         100   0.00000000    
        1900         200   0.00000000    
        1900         300   0.00000000    
        1900         400   0.00000000    
        1900         500   0.00000000    
        1900         600   0.00000000    
        1900         700   0.00000000    
        1900         800   0.00000000    
        1900         900   0.00000000    
        1900        1000   0.00000000    
        1900        1100   0.00000000    
        1900        1200   0.00000000    
        1900        1300   0.00000000    
        1900        1400   0.00000000    
        1900        1500   0.00000000    
        1900        1600   0.00000000    
        1900        1700   0.00000000    
        1900        1800   0.00000000    
        1900        1900   0.00000000    
        1900        2000   0.00000000    
        2000           0   1.40129846E-45
        2000         100   0.00000000    
        2000         200   0.00000000    
        2000         300   0.00000000    
        2000         400   0.00000000    
        2000         500   0.00000000    
        2000         600   0.00000000    
        2000         700   0.00000000    
        2000         800   0.00000000    
        2000         900   0.00000000    
        2000        1000   0.00000000    
        2000        1100   0.00000000    
        2000        1200   0.00000000    
        2000        1300   0.00000000    
        2000        1400   0.00000000    
        2000        1500   0.00000000    
        2000        1600   0.00000000    
        2000        1700   0.00000000    
        2000        1800   0.00000000    
        2000        1900   0.00000000    
        2000        2000   0.00000000    
