0 0 -0.27785385
1 0 -0.27581304
2 0 -0.27332523
3 0 -0.27116844
4 0 -0.26934445
5 0 -0.26779
6 0 -0.26740742
7 0 -0.26527163
8 0 -0.2644889
9 0 -0.26384315
10 0 -0.26427332
11 0 -0.26381823
12 0 -0.26422402
13 0 -0.2650336
14 0 -0.26621622
15 0 -0.26750702
16 0 -0.2691528
17 0 -0.27082714
18 0 -0.27253833
19 0 -0.27265137
20 0 -0.27541217
20 1 -0.27630037
19 1 -0.27571175
18 1 -0.2752745
17 1 -0.27526006
16 1 -0.2752166
15 1 -0.27540118
14 1 -0.27590877
13 1 -0.2764449
12 1 -0.27745005
11 1 -0.27843443
10 1 -0.27920568
9 1 -0.28110123
8 1 -0.2828227
7 1 -0.2846694
6 1 -0.28548825
5 1 -0.28785157
4 1 -0.2901314
3 1 -0.29271176
2 1 -0.2945831
1 1 -0.29273373
0 1 -0.2957743
0 2 -0.29711124
1 2 -0.29701602
2 2 -0.29575086
3 2 -0.29440832
4 2 -0.29315194
5 2 -0.29219857
6 2 -0.29131258
7 2 -0.29070002
8 2 -0.29035527
9 2 -0.29010233
10 2 -0.28933963
11 2 -0.28950077
12 2 -0.28967312
13 2 -0.29003128
14 2 -0.29068488
15 2 -0.29157355
16 2 -0.2924896
17 2 -0.29362047
18 2 -0.29486632
19 2 -0.2961669
20 2 -0.29787564
20 3 -0.29834342
19 3 -0.29744864
18 3 -0.2968666
17 3 -0.29639077
16 3 -0.29604653
15 3 -0.29554823
14 3 -0.29510435
13 3 -0.2946051
12 3 -0.29429844
11 3 -0.29385898
10 3 -0.29345933
9 3 -0.2929615
8 3 -0.29259628
7 3 -0.2923143
6 3 -0.29146126
5 3 -0.29139704
4 3 -0.291606
3 3 -0.29157576
2 3 -0.29162335
1 3 -0.29170686
0 3 -0.2917757
0 4 -0.29163384
1 4 -0.29148346
2 4 -0.2913731
3 4 -0.2913582
4 4 -0.29110357
5 4 -0.2907935
6 4 -0.29032573
7 4 -0.28972587
8 4 -0.28909793
9 4 -0.28850856
10 4 -0.28807446
11 4 -0.2873711
12 4 -0.2870752
13 4 -0.2873513
14 4 -0.28780323
15 4 -0.2884766
16 4 -0.28941435
17 4 -0.2905545
18 4 -0.29191583
19 4 -0.29341
20 4 -0.29502746
20 5 -0.29466614
19 5 -0.2929786
18 5 -0.2914776
17 5 -0.2900989
16 5 -0.28889433
15 5 -0.28728783
14 5 -0.28558666
13 5 -0.2839714
12 5 -0.28246966
11 5 -0.28111392
10 5 -0.27956092
9 5 -0.27814782
8 5 -0.27705112
7 5 -0.27634725
6 5 -0.2760931
5 5 -0.276044
4 5 -0.2764105
3 5 -0.27703768
2 5 -0.27779308
1 5 -0.2786742
0 5 -0.27967542
0 6 -0.28005946
1 6 -0.27966738
2 6 -0.27914366
3 6 -0.27872422
4 6 -0.27830163
5 6 -0.2777982
6 6 -0.27704304
7 6 -0.27608746
8 6 -0.27500764
9 6 -0.27392802
10 6 -0.27294558
11 6 -0.27222732
12 6 -0.27199048
13 6 -0.2724402
14 6 -0.27328396
15 6 -0.27450958
16 6 -0.27592316
17 6 -0.27750498
18 6 -0.27931017
19 6 -0.2810844
20 6 -0.28286955
20 7 -0.28282806
19 7 -0.28151262
18 7 -0.28059217
17 7 -0.27983117
16 7 -0.27910778
15 7 -0.2779823
14 7 -0.2767381
13 7 -0.275429
12 7 -0.2739827
11 7 -0.27231887
10 7 -0.2697993
9 7 -0.26751825
8 7 -0.2655556
7 7 -0.26470938
6 7 -0.2648434
5 7 -0.26587883
4 7 -0.26755586
3 7 -0.26968405
2 7 -0.27174878
1 7 -0.2732161
0 7 -0.27746055
0 8 -0.27795324
1 8 -0.2758824
2 8 -0.2790348
3 8 -0.27328837
4 8 -0.27348807
5 8 -0.27292824
6 8 -0.2722466
7 8 -0.27023265
8 8 -0.26709026
9 8 -0.26346692
10 8 -0.26076278
11 8 -0.2595545
12 8 -0.25977424
13 8 -0.26116243
14 8 -0.2631356
15 8 -0.26524234
16 8 -0.26727948
17 8 -0.27005076
18 8 -0.2723274
19 8 -0.2745899
20 8 -0.27663583
20 9 -0.27680746
19 9 -0.2760489
18 9 -0.27567732
17 9 -0.27548298
16 9 -0.27519634
15 9 -0.27492878
14 9 -0.2743333
13 9 -0.27311283
12 9 -0.2708325
11 9 -0.2664374
10 9 -0.25919807
9 9 -0.25195965
8 9 -0.24778552
7 9 -0.24777503
6 9 -0.25001994
5 9 -0.2537329
4 9 -0.25795782
3 9 -0.26177013
2 9 -0.26571035
1 9 -0.26920748
0 9 -0.27260622
0 10 -0.2745025
1 10 -0.27417535
2 10 -0.2730613
3 10 -0.2726863
4 10 -0.2724358
5 10 -0.2721565
6 10 -0.270719
7 10 -0.26593912
8 10 -0.25731936
9 10 -0.24844936
10 10 -0.24423738
11 10 -0.2438592
12 10 -0.24642809
13 10 -0.2502172
14 10 -0.25421482
15 10 -0.25798833
16 10 -0.26159897
17 10 -0.26490763
18 10 -0.26812494
19 10 -0.27077344
20 10 -0.273314
20 11 -0.27382988
19 11 -0.2735574
18 11 -0.2737288
17 11 -0.2741983
16 11 -0.27474445
15 11 -0.27489117
14 11 -0.2746043
13 11 -0.27315873
12 11 -0.26907077
11 11 -0.26083308
10 11 -0.24961808
9 11 -0.24194804
8 11 -0.23897924
7 11 -0.24062185
6 11 -0.24543369
5 11 -0.25202218
4 11 -0.25853032
3 11 -0.26408777
2 11 -0.26855
1 11 -0.27218655
0 11 -0.27585775
0 12 -0.27777842
1 12 -0.27806798
2 12 -0.27729207
3 12 -0.2770284
4 12 -0.27689022
5 12 -0.2762906
6 12 -0.27429986
7 12 -0.26877317
8 12 -0.25959527
9 12 -0.25182125
10 12 -0.24787416
11 12 -0.24893276
12 12 -0.25295332
13 12 -0.257303
14 12 -0.26121664
15 12 -0.2646398
16 12 -0.26795673
17 12 -0.27099732
18 12 -0.27388555
19 12 -0.27673373
20 12 -0.27912366
20 13 -0.27980337
19 13 -0.27944398
18 13 -0.2795187
17 13 -0.27988002
16 13 -0.2803368
15 13 -0.28059927
14 13 -0.2806105
13 13 -0.27985534
12 13 -0.2775455
11 13 -0.27243167
10 13 -0.26464248
9 13 -0.25896418
8 13 -0.2577056
7 13 -0.25981426
6 13 -0.2634547
5 13 -0.26877317
4 13 -0.27385625
3 13 -0.27831432
2 13 -0.28199893
1 13 -0.2851821
0 13 -0.28860256
0 14 -0.28877372
1 14 -0.2898682
2 14 -0.2890403
3 14 -0.28864652
4 14 -0.28836063
5 14 -0.28805518
6 14 -0.28715113
7 14 -0.2852192
8 14 -0.28201017
9 14 -0.27853015
10 14 -0.27638093
11 14 -0.2763924
12 14 -0.27793956
13 14 -0.27992225
14 14 -0.28205827
15 14 -0.28422457
16 14 -0.28668383
17 14 -0.28918752
18 14 -0.29158893
19 14 -0.29392123
20 14 -0.29617664
20 15 -0.297361
19 15 -0.29702628
18 15 -0.29677162
17 15 -0.2969081
16 15 -0.2972006
15 15 -0.2975834
14 15 -0.29792058
13 15 -0.29808024
12 15 -0.2977304
11 15 -0.29669496
10 15 -0.29492345
9 15 -0.29338437
8 15 -0.29297104
7 15 -0.29368907
6 15 -0.29517174
5 15 -0.2976481
4 15 -0.30069137
3 15 -0.30387574
2 15 -0.30644584
1 15 -0.3087845
0 15 -0.31143713
0 16 -0.31278384
1 16 -0.3134943
2 16 -0.31213784
3 16 -0.31147352
4 16 -0.31108287
5 16 -0.31074035
6 16 -0.3104354
7 16 -0.31002966
8 16 -0.30938315
9 16 -0.30871737
10 16 -0.30864877
11 16 -0.30782405
12 16 -0.30858237
13 16 -0.3094071
14 16 -0.31069127
15 16 -0.31220937
16 16 -0.31460735
17 16 -0.31651485
18 16 -0.31842822
19 16 -0.32012478
20 16 -0.32183206
20 17 -0.32282817
19 17 -0.3221951
18 17 -0.32179886
17 17 -0.32175052
16 17 -0.32175198
15 17 -0.32175028
14 17 -0.32184014
13 17 -0.32184672
12 17 -0.32185698
11 17 -0.32171586
10 17 -0.32139823
9 17 -0.3211404
8 17 -0.32116923
7 17 -0.32145217
6 17 -0.32204106
5 17 -0.32311505
4 17 -0.3246285
3 17 -0.3262257
2 17 -0.3272909
1 17 -0.32916203
0 17 -0.3309799
0 18 -0.3320334
1 18 -0.33212692
2 18 -0.33159956
3 18 -0.33162764
4 18 -0.33100116
5 18 -0.33068597
6 18 -0.33053386
7 18 -0.33042595
8 18 -0.3302768
9 18 -0.33024186
10 18 -0.3301486
11 18 -0.33027726
12 18 -0.33135688
13 18 -0.33143696
14 18 -0.3320119
15 18 -0.33277267
16 18 -0.33377463
17 18 -0.3349541
18 18 -0.3361492
19 18 -0.3373245
20 18 -0.3385821
20 19 -0.3392901
19 19 -0.33973128
18 19 -0.3395838
17 19 -0.33960992
16 19 -0.3393111
15 19 -0.33929303
14 19 -0.33928913
13 19 -0.33931282
12 19 -0.3394388
11 19 -0.33951667
10 19 -0.33974957
9 19 -0.34006208
8 19 -0.3404554
7 19 -0.34090438
6 19 -0.34138438
5 19 -0.3420753
4 19 -0.3429054
3 19 -0.34374526
2 19 -0.34450382
1 19 -0.3451083
0 19 -0.3458803
0 20 -0.34647137
1 20 -0.34698847
2 20 -0.3469809
3 20 -0.3469306
4 20 -0.34683245
5 20 -0.34675702
6 20 -0.34632462
7 20 -0.3463256
8 20 -0.34647965
9 20 -0.34649384
10 20 -0.34655365
11 20 -0.34668842
12 20 -0.34703216
13 20 -0.34672138
14 20 -0.34739447
15 20 -0.34794697
16 20 -0.34840572
17 20 -0.3491069
18 20 -0.34954855
19 20 -0.3504846
20 20 -0.35160792
