        2000           0   0.00000000    
        1900           0   0.00000000    
        1800           0   0.00000000    
        1700           0   0.00000000    
        1600           0   0.00000000    
        1500           0   0.00000000    
        1400           0   0.00000000    
        1300           0   0.00000000    
        1200           0   0.00000000    
        1100           0   0.00000000    
        1000           0   0.00000000    
         900           0   0.00000000    
         800           0   0.00000000    
         700           0   0.00000000    
         600           0   0.00000000    
         500           0   0.00000000    
         400           0   0.00000000    
         300           0   0.00000000    
         200           0   0.00000000    
         100           0   0.00000000    
           0           0   0.00000000    
           0         100   0.00000000    
         100         100   0.00000000    
         200         100   0.00000000    
         300         100   7.26174622E-20
         400         100   2.00841703E-17
         500         100   2.41522975E-15
         600         100   1.25678222E-13
         700         100   2.72408485E-12
         800         100   2.30006847E-11
         900         100   7.95964405E-11
        1000         100   1.49215640E-10
        1100         100   1.93189909E-10
        1200         100   1.94419925E-10
        1300         100   1.77588902E-10
        1400         100   1.59953509E-10
        1500         100   1.43960552E-10
        1600         100   1.29564512E-10
        1700         100   1.16608057E-10
        1800         100   1.04947245E-10
        1900         100   9.44525153E-11
        2000         100   8.50072582E-11
        2000         200   7.65065303E-11
        1900         200   6.88558724E-11
        1800         200   6.19702831E-11
        1700         200   5.57733304E-11
        1600         200   5.02143951E-11
        1500         200   4.70530039E-11
        1400         200   1.22260424E-10
        1300         200   1.55503077E-09
        1200         200   1.16536967E-08
        1100         200   3.84490306E-08
        1000         200   7.09745223E-08
         900         200   9.18377765E-08
         800         200   9.29081665E-08
         700         200   8.50623465E-08
         600         200   7.66360202E-08
         500         200   6.89742734E-08
         400         200   6.20768645E-08
         300         200   5.58691760E-08
         200         200   5.02822566E-08
         100         200   4.52540299E-08
           0         200   4.07286258E-08
           0         300   3.66557629E-08
         100         300   3.29901866E-08
         200         300   2.96911669E-08
         300         300   2.67220859E-08
         400         300   2.40575044E-08
         500         300   2.22927810E-08
         600         300   4.23107593E-08
         700         300   3.67734629E-07
         800         300   2.36782580E-06
         900         300   7.31614637E-06
        1000         300   1.32091227E-05
        1100         300   1.70733147E-05
        1200         300   1.74028482E-05
        1300         300   1.59922183E-05
        1400         300   1.44152427E-05
        1500         300   1.29743594E-05
        1600         300   1.16769306E-05
        1700         300   1.05092377E-05
        1800         300   9.45831380E-06
        1900         300   8.51248205E-06
        2000         300   7.66123321E-06
        2000         400   6.89510989E-06
        1900         400   6.20559877E-06
        1800         400   5.58503871E-06
        1700         400   5.02654257E-06
        1600         400   4.52521272E-06
        1500         400   4.16359535E-06
        1400         400   6.21258732E-06
        1300         400   3.38992395E-05
        1200         400   1.74805289E-04
        1100         400   4.89710597E-04
        1000         400   8.54139915E-04
         900         400   1.10111176E-03
         800         400   1.13529654E-03
         700         400   1.05007470E-03
         600         400   9.47532535E-04
         500         400   8.52870173E-04
         400         400   7.67584483E-04
         300         400   6.90826040E-04
         200         400   6.21743442E-04
         100         400   5.59569104E-04
           0         400   5.03612158E-04
           0         500   4.53250919E-04
         100         500   4.07925807E-04
         200         500   3.67133209E-04
         300         500   3.30420531E-04
         400         500   2.97469378E-04
         500         500   2.72675738E-04
         600         500   3.46990535E-04
         700         500   1.16221514E-03
         800         500   4.35939245E-03
         900         500   1.04960091E-02
        1000         500   1.72900297E-02
        1100         500   2.21335776E-02
        1200         500   2.32336186E-02
        1300         500   2.17601806E-02
        1400         500   1.96857452E-02
        1500         500   1.77221242E-02
        1600         500   1.59500018E-02
        1700         500   1.43550029E-02
        1800         500   1.29195023E-02
        1900         500   1.16275521E-02
        2000         500   1.04647968E-02
        2000         600   9.41831712E-03
        1900         600   8.47648550E-03
        1800         600   7.62883667E-03
        1700         600   6.86597498E-03
        1600         600   6.18184265E-03
        1500         600   5.66524034E-03
        1400         600   6.61143474E-03
        1300         600   1.47188976E-02
        1200         600   3.74160558E-02
        1100         600   7.24517405E-02
        1000         600  0.108776033    
         900         600  0.136675745    
         800         600  0.147177219    
         700         600  0.141228095    
         600         600  0.128618002    
         500         600  0.115857773    
         400         600  0.104274459    
         300         600   9.38470364E-02
         200         600   8.44623297E-02
         100         600   7.60160983E-02
           0         600   6.84144869E-02
           0         700   6.15730360E-02
         100         700   5.54157309E-02
         200         700   4.98741567E-02
         300         700   4.48870696E-02
         400         700   4.04266678E-02
         500         700   3.72339226E-02
         600         700   4.22791317E-02
         700         700   7.22611845E-02
         800         700  0.129977405    
         900         700  0.199097037    
        1000         700  0.265435040    
        1100         700  0.321008921    
        1200         700  0.353850424    
        1300         700  0.352675319    
        1400         700  0.326176405    
        1500         700  0.294408679    
        1600         700  0.264996111    
        1700         700  0.238496810    
        1800         700  0.214647129    
        1900         700  0.193182409    
        2000         700  0.173864156    
        2000         800  0.156477734    
        1900         800  0.140829951    
        1800         800  0.126746967    
        1700         800  0.114074305    
        1600         800  0.102811165    
        1500         800   9.58434343E-02
        1400         800  0.110428125    
        1300         800  0.164327741    
        1200         800  0.238983154    
        1100         800  0.313105047    
        1000         800  0.380758345    
         900         800  0.440702677    
         800         800  0.487720609    
         700         800  0.503890932    
         600         800  0.477670878    
         500         800  0.433217168    
         400         800  0.390039742    
         300         800  0.351037800    
         200         800  0.315934032    
         100         800  0.284340620    
           0         800  0.255906552    
           0         900  0.230315894    
         100         900  0.207284302    
         200         900  0.186555892    
         300         900  0.167905480    
         400         900  0.151447311    
         500         900  0.142875135    
         600         900  0.167364925    
         700         900  0.232745826    
         800         900  0.307491422    
         900         900  0.376621068    
        1000         900  0.438934028    
        1100         900  0.494919419    
        1200         900  0.543447673    
        1300         900  0.571220279    
        1400         900  0.552875519    
        1500         900  0.504160523    
        1600         900  0.454076856    
        1700         900  0.408674359    
        1800         900  0.367806941    
        1900         900  0.331026226    
        2000         900  0.297923595    
        2000        1000  0.268131226    
        1900        1000  0.241318092    
        1800        1000  0.217186317    
        1700        1000  0.195474312    
        1600        1000  0.176340282    
        1500        1000  0.166549861    
        1400        1000  0.193464339    
        1300        1000  0.260365605    
        1200        1000  0.333292842    
        1100        1000  0.399938643    
        1000        1000  0.459944785    
         900        1000  0.513925374    
         800        1000  0.561496615    
         700        1000  0.591594636    
         600        1000  0.576004624    
         500        1000  0.526247740    
         400        1000  0.474036366    
         300        1000  0.426639348    
         200        1000  0.383975446    
         100        1000  0.345577896    
           0        1000  0.311020106    
           0        1100  0.279918075    
         100        1100  0.251926273    
         200        1100  0.226733685    
         300        1100  0.204065502    
         400        1100  0.183991328    
         500        1100  0.172164738    
         600        1100  0.193725571    
         700        1100  0.256470382    
         800        1100  0.328843534    
         900        1100  0.395837963    
        1000        1100  0.456229210    
        1100        1100  0.510485053    
        1200        1100  0.557456732    
        1300        1100  0.583828449    
        1400        1100  0.564222932    
        1500        1100  0.514373183    
        1600        1100  0.463268250    
        1700        1100  0.416946590    
        1800        1100  0.375251949    
        1900        1100  0.337726742    
        2000        1100  0.303954065    
        2000        1200  0.273558646    
        1900        1200  0.246202782    
        1800        1200  0.221582502    
        1700        1200  0.199426278    
        1600        1200  0.179627940    
        1500        1200  0.164978534    
        1400        1200  0.172649711    
        1300        1200  0.220327139    
        1200        1200  0.289382637    
        1100        1200  0.358464539    
        1000        1200  0.421581864    
         900        1200  0.477443874    
         800        1200  0.520787716    
         700        1200  0.533651352    
         600        1200  0.504455268    
         500        1200  0.457323134    
         400        1200  0.411735117    
         300        1200  0.370563626    
         200        1200  0.333507270    
         100        1200  0.300156534    
           0        1200  0.270140886    
           0        1300  0.243126795    
         100        1300  0.218814105    
         200        1300  0.196932688    
         300        1300  0.177239746    
         400        1300  0.159544080    
         500        1300  0.144439593    
         600        1300  0.138764232    
         700        1300  0.159097761    
         800        1300  0.208130360    
         900        1300  0.269434690    
        1000        1300  0.328738928    
        1100        1300  0.377982408    
        1200        1300  0.405126572    
        1300        1300  0.398823857    
        1400        1300  0.367710054    
        1500        1300  0.331788957    
        1600        1300  0.298638374    
        1700        1300  0.268774867    
        1800        1300  0.241897389    
        1900        1300  0.217707649    
        2000        1300  0.195936874    
        2000        1400  0.176343188    
        1900        1400  0.158708870    
        1800        1400  0.142837986    
        1700        1400  0.128554210    
        1600        1400  0.115701258    
        1500        1400  0.104232714    
        1400        1400   9.53221619E-02
        1300        1400   9.45585445E-02
        1200        1400  0.109271735    
        1100        1400  0.137121856    
        1000        1400  0.166979134    
         900        1400  0.189058527    
         800        1400  0.194321707    
         700        1400  0.183658138    
         600        1400  0.166805044    
         500        1400  0.150226116    
         400        1400  0.135205969    
         300        1400  0.121685393    
         200        1400  0.109516852    
         100        1400   9.85651612E-02
           0        1400   8.87086391E-02
           0        1500   7.98377767E-02
         100        1500   7.18539953E-02
         200        1500   6.46685958E-02
         300        1500   5.82017340E-02
         400        1500   5.23816496E-02
         500        1500   4.71484363E-02
         600        1500   4.25351746E-02
         700        1500   3.91315781E-02
         800        1500   3.85318175E-02
         900        1500   4.12511900E-02
        1000        1500   4.49696891E-02
        1100        1500   4.70452718E-02
        1200        1500   4.56541404E-02
        1300        1500   4.19386476E-02
        1400        1500   3.78463641E-02
        1500        1500   3.40666808E-02
        1600        1500   3.06601021E-02
        1700        1500   2.75940914E-02
        1800        1500   2.48346813E-02
        1900        1500   2.23512128E-02
        2000        1500   2.01160908E-02
        2000        1600   1.81044806E-02
        1900        1600   1.62940323E-02
        1800        1600   1.46646285E-02
        1700        1600   1.31981652E-02
        1600        1600   1.18783498E-02
        1500        1600   1.06906053E-02
        1400        1600   9.62400995E-03
        1300        1600   8.68991669E-03
        1200        1600   7.96522107E-03
        1100        1600   7.50108436E-03
        1000        1600   7.16437632E-03
         900        1600   6.78032450E-03
         800        1600   6.24658773E-03
         700        1600   5.65023674E-03
         600        1600   5.08767832E-03
         500        1600   4.57900111E-03
         400        1600   4.12110239E-03
         300        1600   3.70899215E-03
         200        1600   3.33809294E-03
         100        1600   3.00428364E-03
           0        1600   2.70385528E-03
           0        1700   2.43346975E-03
         100        1700   2.19012261E-03
         200        1700   1.97111024E-03
         300        1700   1.77399919E-03
         400        1700   1.59659924E-03
         500        1700   1.43693993E-03
         600        1700   1.29326817E-03
         700        1700   1.16427103E-03
         800        1700   1.04988075E-03
         900        1700   9.50077781E-04
        1000        1700   8.61694571E-04
        1100        1700   7.80710194E-04
        1200        1700   7.04676029E-04
        1300        1700   6.34538068E-04
        1400        1700   5.71106502E-04
        1500        1700   5.13996463E-04
        1600        1700   4.62596829E-04
        1700        1700   4.16337134E-04
        1800        1700   3.74703406E-04
        1900        1700   3.37233068E-04
        2000        1700   3.03509762E-04
        2000        1800   2.73158774E-04
        1900        1800   2.45842879E-04
        1800        1800   2.21258582E-04
        1700        1800   1.99132715E-04
        1600        1800   1.79219438E-04
        1500        1800   1.61297488E-04
        1400        1800   1.45167811E-04
        1300        1800   1.30652465E-04
        1200        1800   1.17597461E-04
        1100        1800   1.05865671E-04
        1000        1800   9.53154740E-05
         900        1800   8.58118874E-05
         800        1800   7.72409476E-05
         700        1800   6.95182971E-05
         600        1800   6.25665489E-05
         500        1800   5.63098911E-05
         400        1800   5.06789002E-05
         300        1800   4.56110101E-05
         200        1800   4.10499088E-05
         100        1800   3.69449153E-05
           0        1800   3.32504242E-05
           0        1900   2.99253807E-05
         100        1900   2.69328411E-05
         200        1900   2.42395563E-05
         300        1900   2.18156001E-05
         400        1900   1.96340388E-05
         500        1900   1.76706344E-05
         600        1900   1.59035699E-05
         700        1900   1.43132156E-05
         800        1900   1.28819147E-05
         900        1900   1.15937819E-05
        1000        1900   1.04344808E-05
        1100        1900   9.39109123E-06
        1200        1900   8.45200248E-06
        1300        1900   7.60680405E-06
        1400        1900   6.84612360E-06
        1500        1900   6.16151101E-06
        1600        1900   5.54535973E-06
        1700        1900   4.99082353E-06
        1800        1900   4.49174104E-06
        1900        1900   4.04256662E-06
        2000        1900   3.63830986E-06
        2000        2000   3.27447879E-06
        1900        2000   2.94703091E-06
        1800        2000   2.65232779E-06
        1700        2000   2.38709504E-06
        1600        2000   2.14838542E-06
        1500        2000   1.93354686E-06
        1400        2000   1.74019215E-06
        1300        2000   1.56617284E-06
        1200        2000   1.40955547E-06
        1100        2000   1.26859993E-06
        1000        2000   1.14173986E-06
         900        2000   1.02756587E-06
         800        2000   9.24809285E-07
         700        2000   8.32328340E-07
         600        2000   7.49095477E-07
         500        2000   6.74185912E-07
         400        2000   6.06767287E-07
         300        2000   5.46090519E-07
         200        2000   4.91481444E-07
         100        2000   4.42333288E-07
           0        2000   3.98099957E-07
