        2000           0   0.00000000    
        1900           0   0.00000000    
        1800           0   0.00000000    
        1700           0   0.00000000    
        1600           0   0.00000000    
        1500           0   0.00000000    
        1400           0   0.00000000    
        1300           0   0.00000000    
        1200           0   0.00000000    
        1100           0   0.00000000    
        1000           0   0.00000000    
         900           0   0.00000000    
         800           0   0.00000000    
         700           0   0.00000000    
         600           0   0.00000000    
         500           0   0.00000000    
         400           0   0.00000000    
         300           0   0.00000000    
         200           0   0.00000000    
         100           0   0.00000000    
           0           0   0.00000000    
           0         100   0.00000000    
         100         100   0.00000000    
         200         100   0.00000000    
         300         100   5.08321977E-19
         400         100   1.40284167E-16
         500         100   1.68221523E-14
         600         100   8.69577522E-13
         700         100   1.85376887E-11
         800         100   1.49404350E-10
         900         100   4.57092086E-10
        1000         100   6.80179579E-10
        1100         100   6.16324658E-10
        1200         100   3.28740424E-10
        1300         100   1.16898949E-10
        1400         100   3.59342139E-11
        1500         100   1.07970447E-11
        1600         100   3.23925348E-12
        1700         100   9.71776696E-13
        1800         100   2.91533020E-13
        1900         100   8.74599126E-14
        2000         100   2.62379755E-14
        2000         200   7.87139332E-15
        1900         200   2.36141817E-15
        1800         200   7.09403858E-16
        1700         200   7.51392181E-16
        1600         200   1.29029816E-13
        1500         200   1.30590512E-11
        1400         200   5.63306624E-10
        1300         200   1.02839657E-08
        1200         200   7.48643600E-08
        1100         200   2.18184212E-07
        1000         200   3.20047974E-07
         900         200   2.91739298E-07
         800         200   1.59300967E-07
         700         200   5.79052646E-08
         600         200   1.79309687E-08
         500         200   5.39231149E-09
         400         200   1.61782232E-09
         300         200   4.85347262E-10
         200         200   1.45604181E-10
         100         200   4.36812565E-11
           0         200   1.31043778E-11
           0         300   3.93131361E-12
         100         300   1.17939458E-12
         200         300   3.54356952E-13
         300         300   3.66086393E-13
         400         300   5.35071015E-11
         500         300   4.50324977E-09
         600         300   1.57081757E-07
         700         300   2.35470884E-06
         800         300   1.49644675E-05
         900         300   4.07850603E-05
        1000         300   5.86076530E-05
        1100         300   5.38780223E-05
        1200         300   3.04214627E-05
        1300         300   1.14340237E-05
        1400         300   3.58593820E-06
        1500         300   1.08026859E-06
        1600         300   3.24133993E-07
        1700         300   9.72404592E-08
        1800         300   2.91721385E-08
        1900         300   8.75164208E-09
        2000         300   2.62549271E-09
        2000         400   7.87647836E-10
        1900         400   2.36294484E-10
        1800         400   7.10171505E-11
        1700         400   7.47024179E-11
        1600         400   9.29315291E-09
        1500         400   6.39116593E-07
        1400         400   1.74491906E-05
        1300         400   2.03390111E-04
        1200         400   1.07108871E-03
        1100         400   2.64802668E-03
        1000         400   3.68821039E-03
         900         400   3.43316328E-03
         800         400   2.04002066E-03
         700         400   8.10161582E-04
         600         400   2.60305940E-04
         500         400   7.87281169E-05
         400         400   2.36277083E-05
         300         400   7.08836615E-06
         200         400   2.12651025E-06
         100         400   6.37953121E-07
           0         400   1.91385951E-07
           0         500   5.74157859E-08
         100         500   1.72247514E-08
         200         500   5.18044629E-09
         300         500   6.04133144E-09
         400         500   6.38141046E-07
         500         500   3.48644680E-05
         600         500   7.21535413E-04
         700         500   6.16592774E-03
         800         500   2.50435583E-02
         900         500   5.35209253E-02
        1000         500   7.09615871E-02
        1100         500   6.72963336E-02
        1200         500   4.33826819E-02
        1300         500   1.89642720E-02
        1400         500   6.40035747E-03
        1500         500   1.95478043E-03
        1600         500   5.87070477E-04
        1700         500   1.76125643E-04
        1800         500   5.28377095E-05
        1900         500   1.58513139E-05
        2000         500   4.75539446E-06
        2000         600   1.42661838E-06
        1900         600   4.27986379E-07
        1800         600   1.28955307E-07
        1700         600   1.94417382E-07
        1600         600   1.73157823E-05
        1500         600   7.16270704E-04
        1400         600   1.08039062E-02
        1300         600   6.46213815E-02
        1200         600  0.188569665    
        1100         600  0.328011990    
        1000         600  0.403389812    
         900         600  0.392458022    
         800         600  0.286920667    
         700         600  0.147456408    
         600         600   5.48259467E-02
         500         600   1.71588603E-02
         400         600   5.16491570E-03
         300         600   1.54963043E-03
         200         600   4.64889687E-04
         100         600   1.39466909E-04
           0         600   4.18400741E-05
           0         700   1.25520228E-05
         100         700   3.76562525E-06
         200         700   1.13980252E-06
         300         700   2.64952496E-06
         400         700   1.98950205E-04
         500         700   6.00915123E-03
         600         700   6.31829575E-02
         700         700  0.258424550    
         800         700  0.532123983    
         900         700  0.734458685    
        1000         700  0.824071288    
        1100         700  0.822042882    
        1200         700  0.701209486    
        1300         700  0.449832499    
        1400         700  0.196329981    
        1500         700   6.48484603E-02
        1600         700   1.96526945E-02
        1700         700   5.89811616E-03
        1800         700   1.76944502E-03
        1900         700   5.30833553E-04
        2000         700   1.59250078E-04
        2000         800   4.77750255E-05
        1900         800   1.43326524E-05
        1800         800   4.37157541E-06
        1700         800   1.55695270E-05
        1600         800   1.01474253E-03
        1500         800   2.34982036E-02
        1400         800  0.176232696    
        1300         800  0.507466435    
        1200         800  0.789857328    
        1100         800  0.923098385    
        1000         800  0.969675899    
         900         800  0.977043927    
         800         800  0.930730581    
         700         800  0.733815789    
         600         800  0.389328003    
         500         800  0.139992177    
         400         800   4.30077314E-02
         300         800   1.29165780E-02
         200         800   3.87504534E-03
         100         800   1.16251386E-03
           0         800   3.48754169E-04
           0         900   1.04626255E-04
         100         900   3.13882920E-05
         200         900   9.61221212E-06
         300         900   3.91793837E-05
         400         900   2.33845413E-03
         500         900   4.67093959E-02
         600         900  0.285453886    
         700         900  0.660457671    
         800         900  0.884278476    
         900         900  0.964435101    
        1000         900  0.989155948    
        1100         900  0.995898366    
        1200         900  0.984910727    
        1300         900  0.870294690    
        1400         900  0.532529533    
        1500         900  0.205766737    
        1600         900   6.40567243E-02
        1700         900   1.92533135E-02
        1800         900   5.77618973E-03
        1900         900   1.73285743E-03
        2000         900   5.19857276E-04
        2000        1000   1.55957183E-04
        1900        1000   4.67876998E-05
        1800        1000   1.42909039E-05
        1700        1000   5.06594042E-05
        1600        1000   2.90900026E-03
        1500        1000   5.57780117E-02
        1400        1000  0.321719617    
        1300        1000  0.700249612    
        1200        1000  0.902821243    
        1100        1000  0.970671773    
        1000        1000  0.991201520    
         900        1000  0.997185886    
         800        1000  0.991902113    
         700        1000  0.901304364    
         600        1000  0.575377524    
         500        1000  0.227518559    
         400        1000   7.11493790E-02
         300        1000   2.13911869E-02
         200        1000   6.41761115E-03
         100        1000   1.92528393E-03
           0        1000   5.77585190E-04
           0        1100   1.73275563E-04
         100        1100   5.19830865E-05
         200        1100   1.57906525E-05
         300        1100   4.10329158E-05
         400        1100   2.33901013E-03
         500        1100   4.67095599E-02
         600        1100  0.285453945    
         700        1100  0.660457671    
         800        1100  0.884278476    
         900        1100  0.964435101    
        1000        1100  0.989155889    
        1100        1100  0.995898306    
        1200        1100  0.984910727    
        1300        1100  0.870294690    
        1400        1100  0.532529473    
        1500        1100  0.205766708    
        1600        1100   6.40567169E-02
        1700        1100   1.92533117E-02
        1800        1100   5.77618927E-03
        1900        1100   1.73285732E-03
        2000        1100   5.19857218E-04
        2000        1200   1.55957168E-04
        1900        1200   4.67872960E-05
        1800        1200   1.41079690E-05
        1700        1200   1.84904457E-05
        1600        1200   1.01561891E-03
        1500        1200   2.34984662E-02
        1400        1200  0.176232785    
        1300        1200  0.507466495    
        1200        1200  0.789857328    
        1100        1200  0.923098385    
        1000        1200  0.969675899    
         900        1200  0.977043986    
         800        1200  0.930730641    
         700        1200  0.733815849    
         600        1200  0.389328003    
         500        1200  0.139992177    
         400        1200   4.30077314E-02
         300        1200   1.29165780E-02
         200        1200   3.87504534E-03
         100        1200   1.16251386E-03
           0        1200   3.48754169E-04
           0        1300   1.04626255E-04
         100        1300   3.13878954E-05
         200        1300   9.42648421E-06
         300        1300   5.13552959E-06
         400        1300   1.99696005E-04
         500        1300   6.00937521E-03
         600        1300   6.31830245E-02
         700        1300  0.258424580    
         800        1300  0.532124043    
         900        1300  0.734458685    
        1000        1300  0.824071288    
        1100        1300  0.822042882    
        1200        1300  0.701209486    
        1300        1300  0.449832499    
        1400        1300  0.196329981    
        1500        1300   6.48484603E-02
        1600        1300   1.96526945E-02
        1700        1300   5.89811616E-03
        1800        1300   1.76944502E-03
        1900        1300   5.30833553E-04
        2000        1300   1.59250078E-04
        2000        1400   4.77750255E-05
        1900        1400   1.43325087E-05
        1800        1400   4.30031196E-06
        1700        1400   1.44582441E-06
        1600        1400   1.76912035E-05
        1500        1400   7.16383336E-04
        1400        1400   1.08039398E-02
        1300        1400   6.46213889E-02
        1200        1400  0.188569665    
        1100        1400  0.328011990    
        1000        1400  0.403389812    
         900        1400  0.392458022    
         800        1400  0.286920667    
         700        1400  0.147456408    
         600        1400   5.48259467E-02
         500        1400   1.71588603E-02
         400        1400   5.16491570E-03
         300        1400   1.54963043E-03
         200        1400   4.64889687E-04
         100        1400   1.39466909E-04
           0        1400   4.18400741E-05
           0        1500   1.25520228E-05
         100        1500   3.76560706E-06
         200        1500   1.12969519E-06
         300        1500   3.43395783E-07
         400        1500   7.39347399E-07
         500        1500   3.48948306E-05
         600        1500   7.21544493E-04
         700        1500   6.16592960E-03
         800        1500   2.50435583E-02
         900        1500   5.35209253E-02
        1000        1500   7.09615871E-02
        1100        1500   6.72963336E-02
        1200        1500   4.33826819E-02
        1300        1500   1.89642720E-02
        1400        1500   6.40035747E-03
        1500        1500   1.95478043E-03
        1600        1500   5.87070477E-04
        1700        1500   1.76125643E-04
        1800        1500   5.28377095E-05
        1900        1500   1.58513139E-05
        2000        1500   4.75539446E-06
        2000        1600   1.42661838E-06
        1900        1600   4.27985526E-07
        1800        1600   1.28395797E-07
        1700        1600   3.85721357E-08
        1600        1600   2.08423820E-08
        1500        1600   6.42581313E-07
        1400        1600   1.74502311E-05
        1300        1600   2.03390417E-04
        1200        1600   1.07108883E-03
        1100        1600   2.64802668E-03
        1000        1600   3.68821085E-03
         900        1600   3.43316351E-03
         800        1600   2.04002066E-03
         700        1600   8.10161582E-04
         600        1600   2.60305940E-04
         500        1600   7.87281169E-05
         400        1600   2.36277083E-05
         300        1600   7.08836615E-06
         200        1600   2.12651025E-06
         100        1600   6.37953121E-07
           0        1600   1.91385951E-07
           0        1700   5.74157859E-08
         100        1700   1.72247372E-08
         200        1700   5.16742205E-09
         300        1700   1.55048641E-09
         400        1700   5.18543208E-10
         500        1700   4.64276084E-09
         600        1700   1.57123623E-07
         700        1700   2.35472135E-06
         800        1700   1.49644711E-05
         900        1700   4.07850603E-05
        1000        1700   5.86076530E-05
        1100        1700   5.38780150E-05
        1200        1700   3.04214591E-05
        1300        1700   1.14340228E-05
        1400        1700   3.58593798E-06
        1500        1700   1.08026859E-06
        1600        1700   3.24133993E-07
        1700        1700   9.72404592E-08
        1800        1700   2.91721385E-08
        1900        1700   8.75164208E-09
        2000        1700   2.62549271E-09
        2000        1800   7.87647836E-10
        1900        1800   2.36294373E-10
        1800        1800   7.08883161E-11
        1700        1800   2.12670350E-11
        1600        1800   6.50891537E-12
        1500        1800   1.49730159E-11
        1400        1800   5.63880831E-10
        1300        1800   1.02841380E-08
        1200        1800   7.48644098E-08
        1100        1800   2.18184226E-07
        1000        1800   3.20047917E-07
         900        1800   2.91739269E-07
         800        1800   1.59300953E-07
         700        1800   5.79052610E-08
         600        1800   1.79309687E-08
         500        1800   5.39231149E-09
         400        1800   1.61782232E-09
         300        1800   4.85347262E-10
         200        1800   1.45604181E-10
         100        1800   4.36812565E-11
           0        1800   1.31043778E-11
           0        1900   3.93131361E-12
         100        1900   1.17939415E-12
         200        1900   3.53818266E-13
         300        1900   1.06145988E-13
         400        1900   3.19839268E-14
         500        1900   2.63753287E-14
         600        1900   8.72448923E-13
         700        1900   1.85386914E-11
         800        1900   1.49405904E-10
         900        1900   4.57096305E-10
        1000        1900   6.80185908E-10
        1100        1900   6.16330320E-10
        1200        1900   3.28743421E-10
        1300        1900   1.16899990E-10
        1400        1900   3.59345331E-11
        1500        1900   1.07971401E-11
        1600        1900   3.23928211E-12
        1700        1900   9.71785261E-13
        1800        1900   2.91535594E-13
        1900        1900   8.74606851E-14
        2000        1900   2.62382059E-14
        2000        2000   7.87146193E-15
        1900        2000   2.36143871E-15
        1800        2000   7.08431623E-16
        1700        2000   2.12529500E-16
        1600        2000   6.37588500E-17
        1500        2000   1.91276550E-17
        1400        2000   5.73829667E-18
        1300        2000   1.72148910E-18
        1200        2000   5.16446752E-19
        1100        2000   1.54934031E-19
        1000        2000   4.64802124E-20
         900        2000   1.39440647E-20
         800        2000   4.18321957E-21
         700        2000   1.25496587E-21
         600        2000   3.76489787E-22
         500        2000   1.12946946E-22
         400        2000   3.38840845E-23
         300        2000   1.01652261E-23
         200        2000   3.04956803E-24
         100        2000   9.14870489E-25
           0        2000   2.74461152E-25
