        2000           0   0.00000000    
        1900           0   0.00000000    
        1800           0   0.00000000    
        1700           0   0.00000000    
        1600           0   0.00000000    
        1500           0   0.00000000    
        1400           0   0.00000000    
        1300           0   0.00000000    
        1200           0   0.00000000    
        1100           0   0.00000000    
        1000           0   0.00000000    
         900           0   0.00000000    
         800           0   0.00000000    
         700           0   0.00000000    
         600           0   0.00000000    
         500           0   0.00000000    
         400           0   0.00000000    
         300           0   0.00000000    
         200           0   0.00000000    
         100           0   0.00000000    
           0           0   0.00000000    
           0         100   0.00000000    
         100         100   0.00000000    
         200         100   0.00000000    
         300         100   7.26171520E-21
         400         100   2.00906951E-18
         500         100   2.41704240E-16
         600         100   1.25896472E-14
         700         100   2.73560688E-13
         800         100   2.32572295E-12
         900         100   8.19205814E-12
        1000         100   1.58680291E-11
        1100         100   2.15989449E-11
        1200         100   2.34378489E-11
        1300         100   2.34645671E-11
        1400         100   2.32422727E-11
        1500         100   2.30100904E-11
        1600         100   2.27799914E-11
        1700         100   2.25521910E-11
        1800         100   2.23266700E-11
        1900         100   2.21034042E-11
        2000         100   2.18823709E-11
        2000         200   2.16635477E-11
        1900         200   2.14469120E-11
        1800         200   2.12324429E-11
        1700         200   2.10201266E-11
        1600         200   2.08117655E-11
        1500         200   2.07896530E-11
        1400         200   2.85730328E-11
        1300         200   1.72786230E-10
        1200         200   1.19646870E-09
        1100         200   3.98057409E-09
        1000         200   7.57779617E-09
         900         200   1.02980948E-08
         800         200   1.12205285E-08
         700         200   1.12528227E-08
         600         200   1.11482859E-08
         500         200   1.10369891E-08
         400         200   1.09266214E-08
         300         200   1.08173550E-08
         200         200   1.07091820E-08
         100         200   1.06020899E-08
           0         200   1.04960689E-08
           0         300   1.03911084E-08
         100         300   1.02871978E-08
         200         300   1.01843263E-08
         300         300   1.00824868E-08
         400         300   9.98242466E-09
         500         300   9.94670302E-09
         600         300   1.20719648E-08
         700         300   4.49167601E-08
         800         300   2.48153810E-07
         900         300   7.64182914E-07
        1000         300   1.41899363E-06
        1100         300   1.92331208E-06
        1200         300   2.10776489E-06
        1300         300   2.11965266E-06
        1400         300   2.10068083E-06
        1500         300   2.07973812E-06
        1600         300   2.05894162E-06
        1700         300   2.03835225E-06
        1800         300   2.01796865E-06
        1900         300   1.99778901E-06
        2000         300   1.97781105E-06
        2000         400   1.95803295E-06
        1900         400   1.93845267E-06
        1800         400   1.91906815E-06
        1700         400   1.89987838E-06
        1600         400   1.88101205E-06
        1500         400   1.87129240E-06
        1400         400   2.09911377E-06
        1300         400   4.90891398E-06
        1200         400   1.92894368E-05
        1100         400   5.23349736E-05
        1000         400   9.31518152E-05
         900         400   1.25458930E-04
         800         400   1.38633884E-04
         700         400   1.40078337E-04
         600         400   1.38924079E-04
         500         400   1.37543931E-04
         400         400   1.36168630E-04
         300         400   1.34806949E-04
         200         400   1.33458874E-04
         100         400   1.32124289E-04
           0         400   1.30803048E-04
           0         500   1.29495020E-04
         100         500   1.28200074E-04
         200         500   1.26918079E-04
         300         500   1.25648963E-04
         400         500   1.24401558E-04
         500         500   1.23652862E-04
         600         500   1.32574583E-04
         700         500   2.16240995E-04
         800         500   5.45419753E-04
         900         500   1.19721889E-03
        1000         500   1.96960568E-03
        1100         500   2.60716677E-03
        1200         500   2.91243382E-03
        1300         500   2.96830200E-03
        1400         500   2.94877728E-03
        1500         500   2.91978498E-03
        1600         500   2.89059617E-03
        1700         500   2.86169024E-03
        1800         500   2.83307326E-03
        1900         500   2.80474266E-03
        2000         500   2.77669518E-03
        2000         600   2.74892827E-03
        1900         600   2.72143912E-03
        1800         600   2.69422471E-03
        1700         600   2.66728480E-03
        1600         600   2.64085853E-03
        1500         600   2.62460811E-03
        1400         600   2.74963398E-03
        1300         600   3.59900296E-03
        1200         600   5.97991049E-03
        1100         600   9.79781151E-03
        1000         600   1.40567720E-02
         900         600   1.77939236E-02
         800         600   2.00328827E-02
         700         600   2.07094103E-02
         600         600   2.06535887E-02
         500         600   2.04572119E-02
         400         600   2.02528872E-02
         300         600   2.00503599E-02
         200         600   1.98498573E-02
         100         600   1.96513589E-02
           0         600   1.94548462E-02
           0         700   1.92602985E-02
         100         700   1.90676954E-02
         200         700   1.88770182E-02
         300         700   1.86882820E-02
         400         700   1.85042303E-02
         500         700   1.84041802E-02
         600         700   1.90969929E-02
         700         700   2.23270357E-02
         800         700   2.85979509E-02
         900         700   3.65236998E-02
        1000         700   4.47832346E-02
        1100         700   5.25471568E-02
        1200         700   5.85159063E-02
        1300         700   6.13517463E-02
        1400         700   6.16150871E-02
        1500         700   6.10839278E-02
        1600         700   6.04759194E-02
        1700         700   5.98711930E-02
        1800         700   5.92724830E-02
        1900         700   5.86797595E-02
        2000         700   5.80929630E-02
        2000         800   5.75120337E-02
        1900         800   5.69369122E-02
        1800         800   5.63675463E-02
        1700         800   5.58040738E-02
        1600         800   5.52604645E-02
        1500         800   5.50391972E-02
        1400         800   5.69057018E-02
        1300         800   6.28308654E-02
        1200         800   7.13113546E-02
        1100         800   8.04002285E-02
        1000         800   8.94926190E-02
         900         800   9.83996987E-02
         800         800  0.106524527    
         700         800  0.111953497    
         600         800  0.113250867    
         500         800  0.112449706    
         400         800  0.111339636    
         300         800  0.110226445    
         200         800  0.109124184    
         100         800  0.108032942    
           0         800  0.106952615    
           0         900  0.105883092    
         100         900  0.104824260    
         200         900  0.103776023    
         300         900  0.102738783    
         400         900  0.101744637    
         500         900  0.101384446    
         600         900  0.104248345    
         700         900  0.111417592    
         800         900  0.120105445    
         900         900  0.128892243    
        1000         900  0.137600839    
        1100         900  0.146212697    
        1200         900  0.154552579    
        1300         900  0.161218762    
        1400         900  0.163484305    
        1500         900  0.162506714    
        1600         900  0.160914883    
        1700         900  0.159306258    
        1800         900  0.157713205    
        1900         900  0.156136081    
        2000         900  0.154574722    
        2000        1000  0.153028980    
        1900        1000  0.151498690    
        1800        1000  0.149983704    
        1700        1000  0.148484528    
        1600        1000  0.147041023    
        1500        1000  0.146354973    
        1400        1000  0.149248362    
        1300        1000  0.156380653    
        1200        1000  0.164713204    
        1100        1000  0.173063576    
        1000        1000  0.181332946    
         900        1000  0.189517140    
         800        1000  0.197518349    
         700        1000  0.204167902    
         600        1000  0.206483170    
         500        1000  0.205202699    
         400        1000  0.203192011    
         300        1000  0.201160759    
         200        1000  0.199149162    
         100        1000  0.197157666    
           0        1000  0.195186093    
           0        1100  0.193234235    
         100        1100  0.191301897    
         200        1100  0.189388886    
         300        1100  0.187495515    
         400        1100  0.185653806    
         500        1100  0.184454530    
         600        1100  0.186487719    
         700        1100  0.192834616    
         800        1100  0.200708270    
         900        1100  0.208689034    
        1000        1100  0.216599643    
        1100        1100  0.224421501    
        1200        1100  0.231979311    
        1300        1100  0.237871230    
        1400        1100  0.239370242    
        1500        1100  0.237633795    
        1600        1100  0.235290691    
        1700        1100  0.232938305    
        1800        1100  0.230608925    
        1900        1100  0.228302836    
        2000        1100  0.226019815    
        2000        1200  0.223759621    
        1900        1200  0.221522033    
        1800        1200  0.219306812    
        1700        1200  0.217113957    
        1600        1200  0.214957252    
        1500        1200  0.213139027    
        1400        1200  0.213424534    
        1300        1200  0.217784524    
        1200        1200  0.224715471    
        1100        1200  0.232270300    
        1000        1200  0.239843965    
         900        1200  0.247247517    
         800        1200  0.253883839    
         700        1200  0.257839233    
         600        1200  0.257677734    
         500        1200  0.255432308    
         400        1200  0.252892405    
         300        1200  0.250363678    
         200        1200  0.247860059    
         100        1200  0.245381460    
           0        1200  0.242927641    
           0        1300  0.240498364    
         100        1300  0.238093376    
         200        1300  0.235712439    
         300        1300  0.233355343    
         400        1300  0.231024623    
         500        1300  0.228799373    
         600        1300  0.227388248    
         700        1300  0.228535354    
         800        1300  0.232744247    
         900        1300  0.238628507    
        1000        1300  0.244866967    
        1100        1300  0.250630021    
        1200        1300  0.254617959    
        1300        1300  0.255492777    
        1400        1300  0.253814697    
        1500        1300  0.251361549    
        1600        1300  0.248850748    
        1700        1300  0.246362269    
        1800        1300  0.243898645    
        1900        1300  0.241459668    
        2000        1300  0.239045069    
        2000        1400  0.236654624    
        1900        1400  0.234288082    
        1800        1400  0.231945202    
        1700        1400  0.229625762    
        1600        1400  0.227329746    
        1500        1400  0.225066602    
        1400        1400  0.222967207    
        1300        1400  0.221614391    
        1200        1400  0.221815154    
        1100        1400  0.223474726    
        1000        1400  0.225596920    
         900        1400  0.227218673    
         800        1400  0.227363393    
         700        1400  0.225966617    
         600        1400  0.223858222    
         500        1400  0.221629798    
         400        1400  0.219413742    
         300        1400  0.217219606    
         200        1400  0.215047419    
         100        1400  0.212896943    
           0        1400  0.210767969    
           0        1500  0.208660290    
         100        1500  0.206573695    
         200        1500  0.204507962    
         300        1500  0.202462882    
         400        1500  0.200438261    
         500        1500  0.198434383    
         600        1500  0.196460202    
         700        1500  0.194580600    
         800        1500  0.192966133    
         900        1500  0.191693723    
        1000        1500  0.190561146    
        1100        1500  0.189312786    
        1200        1500  0.187750995    
        1300        1500  0.185958475    
        1400        1500  0.184109047    
        1500        1500  0.182268456    
        1600        1500  0.180445775    
        1700        1500  0.178641319    
        1800        1500  0.176854908    
        1900        1500  0.175086364    
        2000        1500  0.173335508    
        2000        1600  0.171602160    
        1900        1600  0.169886142    
        1800        1600  0.168187276    
        1700        1600  0.166505411    
        1600        1600  0.164840356    
        1500        1600  0.163191959    
        1400        1600  0.161560282    
        1300        1600  0.159947515    
        1200        1600  0.158362463    
        1100        1600  0.156812072    
        1000        1600  0.155285299    
         900        1600  0.153765678    
         800        1600  0.152242452    
         700        1600  0.150722861    
         600        1600  0.149215877    
         500        1600  0.147723734    
         400        1600  0.146246493    
         300        1600  0.144784033    
         200        1600  0.143336192    
         100        1600  0.141902834    
           0        1600  0.140483811    
           0        1700  0.139078975    
         100        1700  0.137688190    
         200        1700  0.136311308    
         300        1700  0.134948194    
         400        1700  0.133598715    
         500        1700  0.132262737    
         600        1700  0.130940109    
         700        1700  0.129630744    
         800        1700  0.128334641    
         900        1700  0.127051815    
        1000        1700  0.125781968    
        1100        1700  0.124524660    
        1200        1700  0.123279616    
        1300        1700  0.122046851    
        1400        1700  0.120826386    
        1500        1700  0.119618125    
        1600        1700  0.118421942    
        1700        1700  0.117237724    
        1800        1700  0.116065346    
        1900        1700  0.114904694    
        2000        1700  0.113755651    
        2000        1800  0.112618096    
        1900        1800  0.111491919    
        1800        1800  0.110376999    
        1700        1800  0.109273233    
        1600        1800  0.108180501    
        1500        1800  0.107098699    
        1400        1800  0.106027715    
        1300        1800  0.104967438    
        1200        1800  0.103917763    
        1100        1800  0.102878585    
        1000        1800  0.101849802    
         900        1800  0.100831307    
         800        1800   9.98229980E-02
         700        1800   9.88247693E-02
         600        1800   9.78365242E-02
         500        1800   9.68581587E-02
         400        1800   9.58895758E-02
         300        1800   9.49306786E-02
         200        1800   9.39813703E-02
         100        1800   9.30415541E-02
           0        1800   9.21111405E-02
           0        1900   9.11900327E-02
         100        1900   9.02781337E-02
         200        1900   8.93753543E-02
         300        1900   8.84816051E-02
         400        1900   8.75967890E-02
         500        1900   8.67208242E-02
         600        1900   8.58536139E-02
         700        1900   8.49950761E-02
         800        1900   8.41451287E-02
         900        1900   8.33036751E-02
        1000        1900   8.24706405E-02
        1100        1900   8.16459358E-02
        1200        1900   8.08294788E-02
        1300        1900   8.00211877E-02
        1400        1900   7.92209730E-02
        1500        1900   7.84287676E-02
        1600        1900   7.76444823E-02
        1700        1900   7.68680349E-02
        1800        1900   7.60993585E-02
        1900        1900   7.53383636E-02
        2000        1900   7.45849833E-02
        2000        2000   7.38391355E-02
        1900        2000   7.31007457E-02
        1800        2000   7.23697394E-02
        1700        2000   7.16460422E-02
        1600        2000   7.09295794E-02
        1500        2000   7.02202842E-02
        1400        2000   6.95180818E-02
        1300        2000   6.88228980E-02
        1200        2000   6.81346729E-02
        1100        2000   6.74533248E-02
        1000        2000   6.67787939E-02
         900        2000   6.61110058E-02
         800        2000   6.54498935E-02
         700        2000   6.47953972E-02
         600        2000   6.41474426E-02
         500        2000   6.35059699E-02
         400        2000   6.28709123E-02
         300        2000   6.22422025E-02
         200        2000   6.16197810E-02
         100        2000   6.10035844E-02
           0        2000   6.03935495E-02
