           0           0   0.00000000    
         100           0   0.00000000    
         200           0   0.00000000    
         300           0   0.00000000    
         400           0   0.00000000    
         500           0   0.00000000    
         600           0   0.00000000    
         700           0   0.00000000    
         800           0   0.00000000    
         900           0   0.00000000    
        1000           0   0.00000000    
        1100           0   0.00000000    
        1200           0   0.00000000    
        1300           0   0.00000000    
        1400           0   0.00000000    
        1500           0   0.00000000    
        1600           0   0.00000000    
        1700           0   0.00000000    
        1800           0   0.00000000    
        1900           0   0.00000000    
        2000           0   0.00000000    
        2000         100   0.00000000    
        1900         100   0.00000000    
        1800         100   0.00000000    
        1700         100   0.00000000    
        1600         100   0.00000000    
        1500         100   0.00000000    
        1400         100   0.00000000    
        1300         100   0.00000000    
        1200         100   0.00000000    
        1100         100   0.00000000    
        1000         100   0.00000000    
         900         100   0.00000000    
         800         100   0.00000000    
         700         100   0.00000000    
         600         100   0.00000000    
         500         100   0.00000000    
         400         100   0.00000000    
         300         100   0.00000000    
         200         100   0.00000000    
         100         100   0.00000000    
           0         100   0.00000000    
           0         200   0.00000000    
         100         200   0.00000000    
         200         200   0.00000000    
         300         200   0.00000000    
         400         200   0.00000000    
         500         200   0.00000000    
         600         200   0.00000000    
         700         200   0.00000000    
         800         200   0.00000000    
         900         200   0.00000000    
        1000         200   0.00000000    
        1100         200   0.00000000    
        1200         200   0.00000000    
        1300         200   0.00000000    
        1400         200   0.00000000    
        1500         200   0.00000000    
        1600         200   0.00000000    
        1700         200   0.00000000    
        1800         200   0.00000000    
        1900         200   0.00000000    
        2000         200   0.00000000    
        2000         300   0.00000000    
        1900         300   0.00000000    
        1800         300   0.00000000    
        1700         300   0.00000000    
        1600         300   0.00000000    
        1500         300   0.00000000    
        1400         300   0.00000000    
        1300         300   0.00000000    
        1200         300   0.00000000    
        1100         300   0.00000000    
        1000         300   0.00000000    
         900         300   0.00000000    
         800         300   0.00000000    
         700         300   0.00000000    
         600         300   0.00000000    
         500         300   0.00000000    
         400         300   0.00000000    
         300         300   0.00000000    
         200         300   0.00000000    
         100         300   0.00000000    
           0         300   0.00000000    
           0         400   0.00000000    
         100         400   0.00000000    
         200         400   0.00000000    
         300         400   0.00000000    
         400         400   0.00000000    
         500         400   0.00000000    
         600         400   0.00000000    
         700         400   0.00000000    
         800         400   0.00000000    
         900         400   0.00000000    
        1000         400   0.00000000    
        1100         400   0.00000000    
        1200         400   0.00000000    
        1300         400   0.00000000    
        1400         400   0.00000000    
        1500         400   0.00000000    
        1600         400   0.00000000    
        1700         400   0.00000000    
        1800         400   0.00000000    
        1900         400   0.00000000    
        2000         400   0.00000000    
        2000         500   0.00000000    
        1900         500   0.00000000    
        1800         500   0.00000000    
        1700         500   0.00000000    
        1600         500   0.00000000    
        1500         500   0.00000000    
        1400         500   0.00000000    
        1300         500   0.00000000    
        1200         500   0.00000000    
        1100         500   0.00000000    
        1000         500   0.00000000    
         900         500   0.00000000    
         800         500   0.00000000    
         700         500   0.00000000    
         600         500   0.00000000    
         500         500   0.00000000    
         400         500   0.00000000    
         300         500   0.00000000    
         200         500   0.00000000    
         100         500   0.00000000    
           0         500   0.00000000    
           0         600   0.00000000    
         100         600   0.00000000    
         200         600   0.00000000    
         300         600   0.00000000    
         400         600   0.00000000    
         500         600   0.00000000    
         600         600   0.00000000    
         700         600   0.00000000    
         800         600   1.46198831E-03
         900         600   1.01364516E-02
        1000         600   2.03898624E-02
        1100         600   2.52787508E-02
        1200         600   2.16849893E-02
        1300         600   1.73479915E-02
        1400         600   1.38783930E-02
        1500         600   1.11027146E-02
        1600         600   8.88217147E-03
        1700         600   7.10573746E-03
        1800         600   5.68458997E-03
        1900         600   4.54767188E-03
        2000         600   3.63813760E-03
        2000         700   2.91051017E-03
        1900         700   2.32840818E-03
        1800         700   1.86272652E-03
        1700         700   1.49018120E-03
        1600         700   1.19214493E-03
        1500         700   9.53715935E-04
        1400         700   7.62972748E-04
        1300         700   6.06846809E-03
        1200         700   6.10925853E-02
        1100         700  0.179283440    
        1000         700  0.292257160    
         900         700  0.364215076    
         800         700  0.347609878    
         700         700  0.283545971    
         600         700  0.226836786    
         500         700  0.181469426    
         400         700  0.145175546    
         300         700  0.116140440    
         200         700   9.29123536E-02
         100         700   7.43298829E-02
           0         700   5.94639070E-02
           0         800   4.75711264E-02
         100         800   3.80569026E-02
         200         800   3.04455217E-02
         300         800   2.43564174E-02
         400         800   1.94851346E-02
         500         800   1.55881075E-02
         600         800   1.39324740E-02
         700         800   6.73837811E-02
         800         800  0.227688670    
         900         800  0.380104125    
        1000         800  0.503401041    
        1100         800  0.600674033    
        1200         800  0.654320896    
        1300         800  0.579694510    
        1400         800  0.465217620    
        1500         800  0.372174114    
        1600         800  0.297739297    
        1700         800  0.238191441    
        1800         800  0.190553159    
        1900         800  0.152442530    
        2000         800  0.121954024    
        2000         900   9.75632221E-02
        1900         900   7.80505762E-02
        1800         900   6.24404624E-02
        1700         900   4.99523692E-02
        1600         900   3.99618968E-02
        1500         900   3.19695175E-02
        1400         900   3.45424749E-02
        1300         900  0.158043355    
        1200         900  0.324387848    
        1100         900  0.459510267    
        1000         900  0.567608237    
         900         900  0.654086590    
         800         900  0.721222520    
         700         900  0.707387388    
         600         900  0.574876785    
         500         900  0.459901422    
         400         900  0.367921144    
         300         900  0.294336915    
         200         900  0.235469535    
         100         900  0.188375637    
           0         900  0.150700510    
           0        1000  0.120560408    
         100        1000   9.64483246E-02
         200        1000   7.71586597E-02
         300        1000   6.17269278E-02
         400        1000   4.93815430E-02
         500        1000   3.95052359E-02
         600        1000   4.38848883E-02
         700        1000  0.183938324    
         800        1000  0.346468389    
         900        1000  0.477174699    
        1000        1000  0.581739783    
        1100        1000  0.665391803    
        1200        1000  0.731631160    
        1300        1000  0.734135330    
        1400        1000  0.599588990    
        1500        1000  0.479671210    
        1600        1000  0.383736968    
        1700        1000  0.306989580    
        1800        1000  0.245591670    
        1900        1000  0.196473345    
        2000        1000  0.157178685    
        2000        1100  0.125742957    
        1900        1100  0.100594364    
        1800        1100   8.04754943E-02
        1700        1100   6.43803999E-02
        1600        1100   5.15043214E-02
        1500        1100   4.12034579E-02
        1400        1100   4.19296287E-02
        1300        1100  0.163953036    
        1200        1100  0.329115629    
        1100        1100  0.463292480    
        1000        1100  0.570634007    
         900        1100  0.656507194    
         800        1100  0.723158956    
         700        1100  0.708936512    
         600        1100  0.576116085    
         500        1100  0.460892886    
         400        1100  0.368714303    
         300        1100  0.294971436    
         200        1100  0.235977158    
         100        1100  0.188781723    
           0        1100  0.151025385    
           0        1200  0.120820306    
         100        1200   9.66562480E-02
         200        1200   7.73250014E-02
         300        1200   6.18600026E-02
         400        1200   4.94880043E-02
         500        1200   3.95904034E-02
         600        1200   3.31343114E-02
         700        1200   8.27452689E-02
         800        1200  0.239977896    
         900        1200  0.389935493    
        1000        1200  0.511266112    
        1100        1200  0.606966138    
        1200        1200  0.659354568    
        1300        1200  0.583721519    
        1400        1200  0.468439221    
        1500        1200  0.374751389    
        1600        1200  0.299801111    
        1700        1200  0.239840895    
        1800        1200  0.191872716    
        1900        1200  0.153498173    
        2000        1200  0.122798540    
        2000        1300   9.82388332E-02
        1900        1300   7.85910711E-02
        1800        1300   6.28728569E-02
        1700        1300   5.02982847E-02
        1600        1300   4.02386300E-02
        1500        1300   3.21909040E-02
        1400        1300   2.57527232E-02
        1300        1300   2.60602683E-02
        1200        1300   7.70860463E-02
        1100        1300  0.192078173    
        1000        1300  0.302492946    
         900        1300  0.372403711    
         800        1300  0.354160786    
         700        1300  0.288786709    
         600        1300  0.231029376    
         500        1300  0.184823498    
         400        1300  0.147858799    
         300        1300  0.118287042    
         200        1300   9.46296379E-02
         100        1300   7.57037103E-02
           0        1300   6.05629683E-02
           0        1400   4.84503768E-02
         100        1400   3.87603007E-02
         200        1400   3.10082417E-02
         300        1400   2.48065945E-02
         400        1400   1.98452752E-02
         500        1400   1.58762205E-02
         600        1400   1.27009768E-02
         700        1400   1.01607814E-02
         800        1400   9.59061366E-03
         900        1400   1.66393537E-02
        1000        1400   2.55921856E-02
        1100        1400   2.94406097E-02
        1200        1400   2.50144769E-02
        1300        1400   2.00115815E-02
        1400        1400   1.60092656E-02
        1500        1400   1.28074130E-02
        1600        1400   1.02459304E-02
        1700        1400   8.19674414E-03
        1800        1400   6.55739522E-03
        1900        1400   5.24591608E-03
        2000        1400   4.19673277E-03
        2000        1500   3.35738622E-03
        1900        1500   2.68590893E-03
        1800        1500   2.14872719E-03
        1700        1500   1.71898177E-03
        1600        1500   1.37518544E-03
        1500        1500   1.10014842E-03
        1400        1500   8.80118751E-04
        1300        1500   7.04095000E-04
        1200        1500   5.63276000E-04
        1100        1500   4.50620806E-04
        1000        1500   3.60496662E-04
         900        1500   2.88397336E-04
         800        1500   2.30717866E-04
         700        1500   1.84574295E-04
         600        1500   1.47659433E-04
         500        1500   1.18127551E-04
         400        1500   9.45020438E-05
         300        1500   7.56016379E-05
         200        1500   6.04813104E-05
         100        1500   4.83850490E-05
           0        1500   3.87080399E-05
           0        1600   3.09664320E-05
         100        1600   2.47731459E-05
         200        1600   1.98185171E-05
         300        1600   1.58548137E-05
         400        1600   1.26838513E-05
         500        1600   1.01470814E-05
         600        1600   8.11766495E-06
         700        1600   6.49413187E-06
         800        1600   5.19530568E-06
         900        1600   4.15624481E-06
        1000        1600   3.32499599E-06
        1100        1600   2.65999688E-06
        1200        1600   2.12799750E-06
        1300        1600   1.70239798E-06
        1400        1600   1.36191841E-06
        1500        1600   1.08953475E-06
        1600        1600   8.71627833E-07
        1700        1600   6.97302255E-07
        1800        1600   5.57841815E-07
        1900        1600   4.46273447E-07
        2000        1600   3.57018763E-07
        2000        1700   2.85615016E-07
        1900        1700   2.28492013E-07
        1800        1700   1.82793613E-07
        1700        1700   1.46234896E-07
        1600        1700   1.16987920E-07
        1500        1700   9.35903373E-08
        1400        1700   7.48722684E-08
        1300        1700   5.98978147E-08
        1200        1700   4.79182525E-08
        1100        1700   3.83346013E-08
        1000        1700   3.06676817E-08
         900        1700   2.45341454E-08
         800        1700   1.96273167E-08
         700        1700   1.57018540E-08
         600        1700   1.25614834E-08
         500        1700   1.00491873E-08
         400        1700   8.03934963E-09
         300        1700   6.43147979E-09
         200        1700   5.14518383E-09
         100        1700   4.11614698E-09
           0        1700   3.29291772E-09
           0        1800   2.63433431E-09
         100        1800   2.10746753E-09
         200        1800   1.68597403E-09
         300        1800   1.34877920E-09
         400        1800   1.07902343E-09
         500        1800   8.63218774E-10
         600        1800   6.90575042E-10
         700        1800   5.52460022E-10
         800        1800   4.41968018E-10
         900        1800   3.53574420E-10
        1000        1800   2.82859541E-10
        1100        1800   2.26287641E-10
        1200        1800   1.81030121E-10
        1300        1800   1.44824097E-10
        1400        1800   1.15859281E-10
        1500        1800   9.26874272E-11
        1600        1800   7.41499431E-11
        1700        1800   5.93199587E-11
        1800        1800   4.74559662E-11
        1900        1800   3.79647737E-11
        2000        1800   3.03718196E-11
        2000        1900   2.42974564E-11
        1900        1900   1.94379651E-11
        1800        1900   1.55503718E-11
        1700        1900   1.24402979E-11
        1600        1900   9.95223869E-12
        1500        1900   7.96179095E-12
        1400        1900   6.36943276E-12
        1300        1900   5.09554638E-12
        1200        1900   4.07643710E-12
        1100        1900   3.26114981E-12
        1000        1900   2.60891981E-12
         900        1900   2.08713580E-12
         800        1900   1.66970864E-12
         700        1900   1.33576689E-12
         600        1900   1.06861351E-12
         500        1900   8.54890811E-13
         400        1900   6.83912670E-13
         300        1900   5.47130158E-13
         200        1900   4.37704126E-13
         100        1900   3.50163312E-13
           0        1900   2.80130655E-13
           0        2000   2.24104521E-13
         100        2000   1.79283617E-13
         200        2000   1.43426896E-13
         300        2000   1.14741522E-13
         400        2000   9.17932180E-14
         500        2000   7.34345785E-14
         600        2000   5.87476641E-14
         700        2000   4.69981313E-14
         800        2000   3.75985050E-14
         900        2000   3.00788040E-14
        1000        2000   2.40630439E-14
        1100        2000   1.92504348E-14
        1200        2000   1.54003482E-14
        1300        2000   1.23202789E-14
        1400        2000   9.85622361E-15
        1500        2000   7.88497888E-15
        1600        2000   6.30798311E-15
        1700        2000   5.04638640E-15
        1800        2000   4.03710937E-15
        1900        2000   3.22968750E-15
        2000        2000   2.58375013E-15
