           0           0   0.00000000    
         100           0   0.00000000    
         200           0   0.00000000    
         300           0   0.00000000    
         400           0   0.00000000    
         500           0   0.00000000    
         600           0   0.00000000    
         700           0   0.00000000    
         800           0   0.00000000    
         900           0   0.00000000    
        1000           0   0.00000000    
        1100           0   0.00000000    
        1200           0   0.00000000    
        1300           0   0.00000000    
        1400           0   0.00000000    
        1500           0   0.00000000    
        1600           0   0.00000000    
        1700           0   0.00000000    
        1800           0   0.00000000    
        1900           0   0.00000000    
        2000           0   0.00000000    
        2000         100   0.00000000    
        1900         100   0.00000000    
        1800         100   0.00000000    
        1700         100   1.45234821E-19
        1600         100   4.01538086E-17
        1500         100   4.82642761E-15
        1400         100   2.50869963E-13
        1300         100   5.42264324E-12
        1200         100   4.54361271E-11
        1100         100   1.54140561E-10
        1000         100   2.78470136E-10
         900         100   3.40567768E-10
         800         100   3.13552240E-10
         700         100   2.56063754E-10
         600         100   2.05098008E-10
         500         100   1.64083205E-10
         400         100   1.31266609E-10
         300         100   1.05013290E-10
         200         100   8.40106318E-11
         100         100   6.72085096E-11
           0         100   5.37668070E-11
           0         200   4.30134470E-11
         100         200   3.44107590E-11
         200         200   2.75286096E-11
         300         200   2.20230414E-11
         400         200   1.76552349E-11
         500         200   1.78442851E-11
         600         200   1.74100789E-10
         700         200   3.02927283E-09
         800         200   2.29317507E-08
         900         200   7.42667936E-08
        1000         200   1.32154199E-07
        1100         200   1.61644749E-07
        1200         200   1.49824132E-07
        1300         200   1.22749299E-07
        1400         200   9.83592585E-08
        1500         200   7.86911301E-08
        1600         200   6.29529424E-08
        1700         200   5.03623561E-08
        1800         200   4.02898870E-08
        1900         200   3.22319096E-08
        2000         200   2.57855284E-08
        2000         300   2.06284234E-08
        1900         300   1.65027387E-08
        1800         300   1.32021922E-08
        1700         300   1.05618279E-08
        1600         300   8.46471870E-09
        1500         300   8.05383138E-09
        1400         300   5.09375724E-08
        1300         300   7.00059900E-07
        1200         300   4.63377728E-06
        1100         300   1.40772281E-05
        1000         300   2.45109622E-05
         900         300   2.99789754E-05
         800         300   2.80569111E-05
         700         300   2.31048398E-05
         600         300   1.85283661E-05
         500         300   1.48239751E-05
         400         300   1.18591952E-05
         300         300   9.48735669E-06
         200         300   7.58988563E-06
         100         300   6.07190850E-06
           0         300   4.85752707E-06
           0         400   3.88602166E-06
         100         400   3.10881728E-06
         200         400   2.48705396E-06
         300         400   1.98965836E-06
         400         400   1.59437559E-06
         500         400   1.45730860E-06
         600         400   6.09654853E-06
         700         400   6.14930614E-05
         800         400   3.37786274E-04
         900         400   9.35000367E-04
        1000         400   1.57480105E-03
        1100         400   1.92461233E-03
        1200         400   1.82828179E-03
        1300         400   1.51924125E-03
        1400         400   1.22032373E-03
        1500         400   9.76440730E-04
        1600         400   7.81155250E-04
        1700         400   6.24924200E-04
        1800         400   4.99939371E-04
        1900         400   3.99951503E-04
        2000         400   3.19961197E-04
        2000         500   2.55968975E-04
        1900         500   2.04775177E-04
        1800         500   1.63820150E-04
        1700         500   1.31057401E-04
        1600         500   1.05027728E-04
        1500         500   9.39287565E-05
        1400         500   2.78307591E-04
        1300         500   1.92249380E-03
        1200         500   8.16478953E-03
        1100         500   1.96769349E-02
        1000         500   3.14287804E-02
         900         500   3.82881239E-02
         800         500   3.72572951E-02
         700         500   3.15056816E-02
         600         500   2.54077110E-02
         500         500   2.03360766E-02
         400         500   1.62690431E-02
         300         500   1.30152367E-02
         200         500   1.04121892E-02
         100         500   8.32975190E-03
           0         500   6.66380161E-03
           0         600   5.33104129E-03
         100         600   4.26483294E-03
         200         600   3.41186626E-03
         300         600   2.72953766E-03
         400         600   2.18856079E-03
         500         600   1.95401325E-03
         600         600   4.58864588E-03
         700         600   2.12081224E-02
         800         600   6.53045624E-02
         900         600  0.129798263    
        1000         600  0.190977529    
        1100         600  0.230336621    
        1200         600  0.232607365    
        1300         600  0.203623086    
        1400         600  0.165923908    
        1500         600  0.132942289    
        1600         600  0.106358767    
        1700         600   8.50870609E-02
        1800         600   6.80696517E-02
        1900         600   5.44557236E-02
        2000         600   4.35645804E-02
        2000         700   3.48516665E-02
        1900         700   2.78813336E-02
        1800         700   2.23050695E-02
        1700         700   1.78447161E-02
        1600         700   1.43323885E-02
        1500         700   1.31657589E-02
        1400         700   2.80698091E-02
        1300         700   9.08757448E-02
        1200         700  0.202585340    
        1100         700  0.326302975    
        1000         700  0.433537751    
         900         700  0.511064887    
         800         700  0.538736641    
         700         700  0.499409199    
         600         700  0.417064607    
         500         700  0.335351527    
         400         700  0.268337846    
         300         700  0.214670926    
         200         700  0.171736747    
         100         700  0.137389407    
           0         700  0.109911524    
           0         800   8.79292190E-02
         100         800   7.03433752E-02
         200         800   5.62747233E-02
         300         800   4.50238548E-02
         400         800   3.63076776E-02
         500         800   3.56729366E-02
         600         800   7.68764168E-02
         700         800  0.191385865    
         800         800  0.335285068    
         900         800  0.464268386    
        1000         800  0.569342256    
        1100         800  0.651514173    
        1200         800  0.703387737    
        1300         800  0.692594945    
        1400         800  0.602414072    
        1500         800  0.488558054    
        1600         800  0.391135037    
        1700         800  0.312912107    
        1800         800  0.250329703    
        1900         800  0.200263768    
        2000         800  0.160211012    
        2000         900  0.128168806    
        1900         900  0.102535047    
        1800         900   8.20280984E-02
        1700         900   6.56328499E-02
        1600         900   5.31710535E-02
        1500         900   5.56819439E-02
        1400         900  0.122100145    
        1300         900  0.261914790    
        1200         900  0.405572176    
        1100         900  0.524215341    
        1000         900  0.619322419    
         900         900  0.695215523    
         800         900  0.752212763    
         700         900  0.766004920    
         600         900  0.690358520    
         500         900  0.565431952    
         400         900  0.453010350    
         300         900  0.362418652    
         200         900  0.289934993    
         100         900  0.231948003    
           0         900  0.185558408    
           0        1000  0.148446724    
         100        1000  0.118757382    
         200        1000   9.50059816E-02
         300        1000   7.60180354E-02
         400        1000   6.16412312E-02
         500        1000   6.50002137E-02
         600        1000  0.139139086    
         700        1000  0.283806622    
         800        1000  0.424972832    
         900        1000  0.539928377    
        1000        1000  0.631942689    
        1100        1000  0.705504298    
        1200        1000  0.762330949    
        1300        1000  0.782360137    
        1400        1000  0.713027000    
        1500        1000  0.586108863    
        1600        1000  0.469713897    
        1700        1000  0.375784367    
        1800        1000  0.300627559    
        1900        1000  0.240502045    
        2000        1000  0.192401633    
        2000        1100  0.153921306    
        1900        1100  0.123137049    
        1800        1100   9.85096991E-02
        1700        1100   7.88181275E-02
        1600        1100   6.37192726E-02
        1500        1100   6.41205236E-02
        1400        1100  0.128851026    
        1300        1100  0.267315567    
        1200        1100  0.409892797    
        1100        1100  0.527671814    
        1000        1100  0.622087598    
         900        1100  0.697427630    
         800        1100  0.753982425    
         700        1100  0.767420650    
         600        1100  0.691491127    
         500        1100  0.566338003    
         400        1100  0.453735173    
         300        1100  0.362998515    
         200        1100  0.290398866    
         100        1100  0.232319102    
           0        1100  0.185855284    
           0        1200  0.148684233    
         100        1200  0.118947387    
         200        1200   9.51579288E-02
         300        1200   7.61304200E-02
         400        1200   6.11929297E-02
         500        1200   5.55811375E-02
         600        1200   9.28029716E-02
         700        1200  0.204127103    
         800        1200  0.345478117    
         900        1200  0.472422838    
        1000        1200  0.575865805    
        1100        1200  0.656732976    
        1200        1200  0.707562804    
        1300        1200  0.695935011    
        1400        1200  0.605086088    
        1500        1200  0.490695685    
        1600        1200  0.392845154    
        1700        1200  0.314280212    
        1800        1200  0.251424193    
        1900        1200  0.201139361    
        2000        1200  0.160911486    
        2000        1300  0.128729194    
        1900        1300  0.102983356    
        1800        1300   8.23866874E-02
        1700        1300   6.59100115E-02
        1600        1300   5.27846254E-02
        1500        1300   4.39275503E-02
        1400        1300   5.26792444E-02
        1300        1300  0.110563293    
        1200        1300  0.218335360    
        1100        1300  0.338903010    
        1000        1300  0.443617731    
         900        1300  0.519128919    
         800        1300  0.545187891    
         700        1300  0.504570246    
         600        1300  0.421193421    
         500        1300  0.338654578    
         400        1300  0.270980299    
         300        1300  0.216784894    
         200        1300  0.173427925    
         100        1300  0.138742343    
           0        1300  0.110993877    
           0        1400   8.87951031E-02
         100        1400   7.10360855E-02
         200        1400   5.68288676E-02
         300        1400   4.54631411E-02
         400        1400   3.63754444E-02
         500        1400   2.93035209E-02
         600        1400   2.64682528E-02
         700        1400   3.87118049E-02
         800        1400   7.93075114E-02
         900        1400  0.141000584    
        1000        1400  0.199939400    
        1100        1400  0.237506106    
        1200        1400  0.238342956    
        1300        1400  0.208211571    
        1400        1400  0.169594690    
        1500        1400  0.135878921    
        1600        1400  0.108708076    
        1700        1400   8.69665071E-02
        1800        1400   6.95732087E-02
        1900        1400   5.56585677E-02
        2000        1400   4.45268564E-02
        2000        1500   3.56214866E-02
        1900        1500   2.84971893E-02
        1800        1500   2.27977522E-02
        1700        1500   1.82382036E-02
        1600        1500   1.45907449E-02
        1500        1500   1.16825029E-02
        1400        1500   9.54916701E-03
        1300        1500   9.33918077E-03
        1200        1500   1.40981376E-02
        1100        1500   2.44236104E-02
        1000        1500   3.52261178E-02
         900        1500   4.13259938E-02
         800        1500   3.96875888E-02
         700        1500   3.34499180E-02
         600        1500   2.69630998E-02
         500        1500   2.15803869E-02
         400        1500   1.72644909E-02
         300        1500   1.38115948E-02
         200        1500   1.10492762E-02
         100        1500   8.83942097E-03
           0        1500   7.07153697E-03
           0        1600   5.65722957E-03
         100        1600   4.52578394E-03
         200        1600   3.62062710E-03
         300        1600   2.89650168E-03
         400        1600   2.31720414E-03
         500        1600   1.85394520E-03
         600        1600   1.48808688E-03
         700        1600   1.24708528E-03
         800        1600   1.28626020E-03
         900        1600   1.69377949E-03
        1000        1600   2.18182430E-03
        1100        1600   2.41023093E-03
        1200        1600   2.21677660E-03
        1300        1600   1.83003710E-03
        1400        1600   1.46896043E-03
        1500        1600   1.17535016E-03
        1600        1600   9.40282771E-04
        1700        1600   7.52226217E-04
        1800        1600   6.01781008E-04
        1900        1600   4.81424824E-04
        2000        1600   3.85139865E-04
        2000        1700   3.08111892E-04
        1900        1700   2.46489508E-04
        1800        1700   1.97191606E-04
        1700        1700   1.57753282E-04
        1600        1700   1.26202649E-04
        1500        1700   1.00963400E-04
        1400        1700   8.08152181E-05
        1300        1700   6.53114839E-05
        1200        1700   5.63229187E-05
        1100        1700   5.54285398E-05
        1000        1700   5.75920130E-05
         900        1700   5.64438160E-05
         800        1700   4.92287836E-05
         700        1700   4.00423378E-05
         600        1700   3.20783656E-05
         500        1700   2.56639742E-05
         400        1700   2.05311953E-05
         300        1700   1.64249559E-05
         200        1700   1.31399647E-05
         100        1700   1.05119716E-05
           0        1700   8.40957728E-06
           0        1800   6.72766191E-06
         100        1800   5.38212953E-06
         200        1800   4.30570390E-06
         300        1800   3.44456316E-06
         400        1800   2.75565071E-06
         500        1800   2.20452444E-06
         600        1800   1.76377932E-06
         700        1800   1.41391342E-06
         800        1800   1.15163914E-06
         900        1800   9.77232730E-07
        1000        1800   8.54527002E-07
        1100        1800   7.39542998E-07
        1200        1800   6.12142742E-07
        1300        1800   4.92604215E-07
        1400        1800   3.94243216E-07
        1500        1800   3.15398296E-07
        1600        1800   2.52318671E-07
        1700        1800   2.01854945E-07
        1800        1800   1.61483953E-07
        1900        1800   1.29187171E-07
        2000        1800   1.03349741E-07
        2000        1900   8.26797972E-08
        1900        1900   6.61438406E-08
        1800        1900   5.29150732E-08
        1700        1900   4.23320579E-08
        1600        1900   3.38656463E-08
        1500        1900   2.70925202E-08
        1400        1900   2.16742642E-08
        1300        1900   1.73446342E-08
        1200        1900   1.39168055E-08
        1100        1900   1.12512373E-08
        1000        1900   9.15614873E-09
         900        1900   7.44271178E-09
         800        1900   5.99526784E-09
         700        1900   4.80143614E-09
         600        1900   3.84139609E-09
         500        1900   3.07312176E-09
         400        1900   2.45849741E-09
         300        1900   1.96679806E-09
         200        1900   1.57343849E-09
         100        1900   1.25875077E-09
           0        1900   1.00700059E-09
           0        2000   8.05600475E-10
         100        2000   6.44480413E-10
         200        2000   5.15584353E-10
         300        2000   4.12467477E-10
         400        2000   3.29973993E-10
         500        2000   2.63979200E-10
         600        2000   2.11183362E-10
         700        2000   1.68946690E-10
         800        2000   1.35157358E-10
         900        2000   1.08125890E-10
        1000        2000   8.65007163E-11
        1100        2000   6.92005758E-11
        1200        2000   5.53604627E-11
        1300        2000   4.42883716E-11
        1400        2000   3.54306966E-11
        1500        2000   2.83445576E-11
        1600        2000   2.26756461E-11
        1700        2000   1.81405169E-11
        1800        2000   1.45124138E-11
        1900        2000   1.16099309E-11
        2000        2000   9.28794455E-12
