        2000           0   0.00000000    
        1900           0   0.00000000    
        1800           0   0.00000000    
        1700           0   0.00000000    
        1600           0   0.00000000    
        1500           0   0.00000000    
        1400           0   0.00000000    
        1300           0   0.00000000    
        1200           0   0.00000000    
        1100           0   0.00000000    
        1000           0   0.00000000    
         900           0   0.00000000    
         800           0   0.00000000    
         700           0   0.00000000    
         600           0   0.00000000    
         500           0   0.00000000    
         400           0   0.00000000    
         300           0   0.00000000    
         200           0   0.00000000    
         100           0   0.00000000    
           0           0   0.00000000    
           0         100   0.00000000    
         100         100   0.00000000    
         200         100   0.00000000    
         300         100   4.35704566E-19
         400         100   1.20287149E-16
         500         100   1.44310291E-14
         600         100   7.46798944E-13
         700         100   1.59645595E-11
         800         100   1.29679864E-10
         900         100   4.05246892E-10
        1000         100   6.27571828E-10
        1100         100   6.04403694E-10
        1200         100   3.65055514E-10
        1300         100   1.61688052E-10
        1400         100   6.54162557E-11
        1500         100   2.61808856E-11
        1600         100   1.04724753E-11
        1700         100   4.18899073E-12
        1800         100   1.67559629E-12
        1900         100   6.70238550E-13
        2000         100   2.68095415E-13
        2000         200   1.07238166E-13
        1900         200   4.28952663E-14
        1800         200   1.71589444E-14
        1700         200   7.32521038E-15
        1600         200   1.13333855E-13
        1500         200   1.12056276E-11
        1400         200   4.83958429E-10
        1300         200   8.86356055E-09
        1200         200   6.50704237E-08
        1100         200   1.93792374E-07
        1000         200   2.95739255E-07
         900         200   2.86059901E-07
         800         200   1.75948969E-07
         700         200   7.90495633E-08
         600         200   3.20993010E-08
         500         200   1.28508804E-08
         400         200   5.14046272E-09
         300         200   2.05618544E-09
         200         200   8.22474200E-10
         100         200   3.28989697E-10
           0         200   1.31595887E-10
           0         300   5.26383555E-11
         100         300   2.10553432E-11
         200         300   8.42259856E-12
         300         300   3.59170723E-12
         400         300   4.72057740E-11
         500         300   3.86505183E-09
         600         300   1.35029552E-07
         700         300   2.03194122E-06
         800         300   1.30339668E-05
         900         300   3.63242034E-05
        1000         300   5.42772250E-05
        1100         300   5.28215096E-05
        1200         300   3.33497956E-05
        1300         300   1.53178480E-05
        1400         300   6.26062274E-06
        1500         300   2.50809535E-06
        1600         300   1.00328396E-06
        1700         300   4.01313827E-07
        1800         300   1.60525531E-07
        1900         300   6.42102123E-08
        2000         300   2.56840860E-08
        2000         400   1.02736344E-08
        1900         400   4.10945367E-09
        1800         400   1.64389191E-09
        1700         400   7.03325842E-10
        1600         400   8.22768076E-09
        1500         400   5.48715661E-07
        1400         400   1.50115911E-05
        1300         400   1.75852067E-04
        1200         400   9.36116616E-04
        1100         400   2.36876099E-03
        1000         400   3.42790643E-03
         900         400   3.36547708E-03
         800         400   2.21196655E-03
         700         400   1.05463411E-03
         600         400   4.36645758E-04
         500         400   1.75203735E-04
         400         400   7.00894379E-05
         300         400   2.80358236E-05
         200         400   1.12143298E-05
         100         400   4.48573201E-06
           0         400   1.79429287E-06
           0         500   7.17717171E-07
         100         500   2.87086891E-07
         200         500   1.14845925E-07
         300         500   4.97845392E-08
         400         500   5.65338382E-07
         500         500   2.99458716E-05
         600         500   6.21472136E-04
         700         500   5.34813199E-03
         800         500   2.20196359E-02
         900         500   4.82431613E-02
        1000         500   6.63589612E-02
        1100         500   6.59788921E-02
        1200         500   4.62719426E-02
        1300         500   2.36083195E-02
        1400         500   1.00528207E-02
        1500         500   4.05084807E-03
        1600         500   1.62088475E-03
        1700         500   6.48357731E-04
        1800         500   2.59343127E-04
        1900         500   1.03737249E-04
        2000         500   4.14948991E-05
        2000         600   1.65979600E-05
        1900         600   6.63918490E-06
        1800         600   2.65615358E-06
        1700         600   1.19594495E-06
        1600         600   1.52704852E-05
        1500         600   6.15601894E-04
        1400         600   9.32254829E-03
        1300         600   5.63406274E-02
        1200         600  0.167550460    
        1100         600  0.299683958    
        1000         600  0.381290346    
         900         600  0.385179937    
         800         600  0.299086183    
         700         600  0.172246084    
         600         600   7.79747367E-02
         500         600   3.17993909E-02
         400         600   1.27345491E-02
         300         600   5.09395311E-03
         200         600   2.03758152E-03
         100         600   8.15032632E-04
           0         600   3.26013047E-04
           0         700   1.30405228E-04
         100         700   5.21621041E-05
         200         700   2.08735128E-05
         300         700   1.03273342E-05
         400         700   1.73978391E-04
         500         700   5.16913366E-03
         600         700   5.46792634E-02
         700         700  0.227131426    
         800         700  0.480506837    
         900         700  0.684906840    
        1000         700  0.791448772    
        1100         700  0.809283614    
        1200         700  0.713367701    
        1300         700  0.490606785    
        1400         700  0.248854339    
        1500         700  0.104641281    
        1600         700   4.20263596E-02
        1700         700   1.68125220E-02
        1800         700   6.72501745E-03
        1900         700   2.69000698E-03
        2000         700   1.07600284E-03
        2000         800   4.30401153E-04
        1900         800   1.72160580E-04
        1800         800   6.89257577E-05
        1700         800   3.97914919E-05
        1600         800   8.81692336E-04
        1500         800   2.02330593E-02
        1400         800  0.153107435    
        1300         800  0.450897217    
        1200         800  0.726888061    
        1100         800  0.878876269    
        1000         800  0.945333123    
         900         800  0.966254234    
         800         800  0.933030903    
         700         800  0.762866616    
         600         800  0.450160861    
         500         800  0.199944720    
         400         800   8.08436722E-02
         300         800   3.23496908E-02
         200         800   1.29399374E-02
         100         800   5.17597515E-03
           0         800   2.07039015E-03
           0         900   8.28156073E-04
         100         900   3.31262796E-04
         200         900   1.32672882E-04
         300         900   8.41797737E-05
         400         900   2.02798634E-03
         500         900   4.02465016E-02
         600         900  0.248762384    
         700         900  0.592209101    
         800         900  0.825004697    
         900         900  0.929274619    
        1000         900  0.971560240    
        1100         900  0.987896860    
        1200         900  0.983279765    
        1300         900  0.886016011    
        1400         900  0.587070227    
        1500         900  0.274263412    
        1600         900  0.111699685    
        1700         900   4.47109863E-02
        1800         900   1.78845618E-02
        1900         900   7.15382537E-03
        2000         900   2.86153029E-03
        2000        1000   1.14461209E-03
        1900        1000   4.57845308E-04
        1800        1000   1.83356358E-04
        1700        1000   1.13090093E-04
        1600        1000   2.52563809E-03
        1500        1000   4.80719507E-02
        1400        1000  0.280645549    
        1300        1000  0.629744291    
        1200        1000  0.845680296    
        1100        1000  0.938122511    
        1000        1000  0.975248992    
         900        1000  0.989949942    
         800        1000  0.989762604    
         700        1000  0.913391113    
         600        1000  0.626773238    
         500        1000  0.297771007    
         400        1000  0.121588811    
         300        1000   4.86752763E-02
         200        1000   1.94703285E-02
         100        1000   7.78813241E-03
           0        1000   3.11525306E-03
           0        1100   1.24610122E-03
         100        1100   4.98440873E-04
         200        1100   1.99544098E-04
         300        1100   1.10928253E-04
         400        1100   2.03868560E-03
         500        1100   4.02507819E-02
         600        1100  0.248764098    
         700        1100  0.592209756    
         800        1100  0.825004935    
         900        1100  0.929274738    
        1000        1100  0.971560240    
        1100        1100  0.987896860    
        1200        1100  0.983279824    
        1300        1100  0.886016071    
        1400        1100  0.587070227    
        1500        1100  0.274263412    
        1600        1100  0.111699685    
        1700        1100   4.47109863E-02
        1800        1100   1.78845618E-02
        1900        1100   7.15382537E-03
        2000        1100   2.86153029E-03
        2000        1200   1.14461209E-03
        1900        1200   4.57844959E-04
        1800        1200   1.83199518E-04
        1700        1200   8.55010003E-05
        1600        1200   8.99976178E-04
        1500        1200   2.02403739E-02
        1400        1200  0.153110355    
        1300        1200  0.450898409    
        1200        1200  0.726888537    
        1100        1200  0.878876448    
        1000        1200  0.945333183    
         900        1200  0.966254294    
         800        1200  0.933030963    
         700        1200  0.762866676    
         600        1200  0.450160891    
         500        1200  0.199944735    
         400        1200   8.08436722E-02
         300        1200   3.23496908E-02
         200        1200   1.29399374E-02
         100        1200   5.17597515E-03
           0        1200   2.07039015E-03
           0        1300   8.28156073E-04
         100        1300   3.31262476E-04
         200        1300   1.32513669E-04
         300        1300   5.49834003E-05
         400        1300   1.91840809E-04
         500        1300   5.17627876E-03
         600        1300   5.46821207E-02
         700        1300  0.227132559    
         800        1300  0.480507284    
         900        1300  0.684907019    
        1000        1300  0.791448772    
        1100        1300  0.809283614    
        1200        1300  0.713367701    
        1300        1300  0.490606785    
        1400        1300  0.248854339    
        1500        1300  0.104641281    
        1600        1300   4.20263596E-02
        1700        1300   1.68125220E-02
        1800        1300   6.72501745E-03
        1900        1300   2.69000698E-03
        2000        1300   1.07600284E-03
        2000        1400   4.30401153E-04
        1900        1400   1.72160464E-04
        1800        1400   6.88646687E-05
        1700        1400   2.76793526E-05
        1600        1400   2.58638484E-05
        1500        1400   6.19839295E-04
        1400        1400   9.32424329E-03
        1300        1400   5.63413091E-02
        1200        1400  0.167550743    
        1100        1400  0.299684078    
        1000        1400  0.381290406    
         900        1400  0.385179937    
         800        1400  0.299086183    
         700        1400  0.172246084    
         600        1400   7.79747441E-02
         500        1400   3.17993909E-02
         400        1400   1.27345491E-02
         300        1400   5.09395311E-03
         200        1400   2.03758152E-03
         100        1400   8.15032632E-04
           0        1400   3.26013047E-04
           0        1500   1.30405228E-04
         100        1500   5.21620932E-05
         200        1500   2.08648489E-05
         300        1500   8.34978619E-06
         400        1500   3.88533908E-06
         500        1500   3.12738703E-05
         600        1500   6.22003339E-04
         700        1500   5.34834387E-03
         800        1500   2.20197216E-02
         900        1500   4.82431948E-02
        1000        1500   6.63589761E-02
        1100        1500   6.59788996E-02
        1200        1500   4.62719426E-02
        1300        1500   2.36083195E-02
        1400        1500   1.00528207E-02
        1500        1500   4.05084807E-03
        1600        1500   1.62088475E-03
        1700        1500   6.48357731E-04
        1800        1500   2.59343127E-04
        1900        1500   1.03737249E-04
        2000        1500   4.14948991E-05
        2000        1600   1.65979600E-05
        1900        1600   6.63918399E-06
        1800        1600   2.65567382E-06
        1700        1600   1.06231539E-06
        1600        1600   4.32872497E-07
        1500        1600   7.18573574E-07
        1400        1600   1.50795358E-05
        1300        1600   1.75879250E-04
        1200        1600   9.36127442E-04
        1100        1600   2.36876542E-03
        1000        1600   3.42790852E-03
         900        1600   3.36547778E-03
         800        1600   2.21196702E-03
         700        1600   1.05463422E-03
         600        1600   4.36645787E-04
         500        1600   1.75203750E-04
         400        1600   7.00894452E-05
         300        1600   2.80358254E-05
         200        1600   1.12143307E-05
         100        1600   4.48573246E-06
           0        1600   1.79429298E-06
           0        1700   7.17717228E-07
         100        1700   2.87086891E-07
         200        1700   1.14834755E-07
         300        1700   4.59341258E-08
         400        1700   1.84194207E-08
         500        1700   1.12139382E-08
         600        1700   1.37969124E-07
         700        1700   2.03311697E-06
         800        1700   1.30344370E-05
         900        1700   3.63243889E-05
        1000        1700   5.42772977E-05
        1100        1700   5.28215351E-05
        1200        1700   3.33498028E-05
        1300        1700   1.53178516E-05
        1400        1700   6.26062410E-06
        1500        1700   2.50809603E-06
        1600        1700   1.00328430E-06
        1700        1700   4.01313969E-07
        1800        1700   1.60525587E-07
        1900        1700   6.42102336E-08
        2000        1700   2.56840931E-08
        2000        1800   1.02736371E-08
        1900        1800   4.10945500E-09
        1800        1800   1.64378200E-09
        1700        1800   6.57513266E-10
        1600        1800   2.63115724E-10
        1500        1800   1.16406586E-10
        1400        1800   5.26038879E-10
        1300        1800   8.88039331E-09
        1200        1800   6.50771597E-08
        1100        1800   1.93795074E-07
        1000        1800   2.95740278E-07
         900        1800   2.86060327E-07
         800        1800   1.75949140E-07
         700        1800   7.90496273E-08
         600        1800   3.20993259E-08
         500        1800   1.28508901E-08
         400        1800   5.14046627E-09
         300        1800   2.05618678E-09
         200        1800   8.22474699E-10
         100        1800   3.28989891E-10
           0        1800   1.31595956E-10
           0        1900   5.26383832E-11
         100        1900   2.10553536E-11
         200        1900   8.42214146E-12
         300        1900   3.36885684E-12
         400        1900   1.34766287E-12
         500        1900   5.53448184E-13
         600        1900   9.62410381E-13
         700        1900   1.60509262E-11
         800        1900   1.29715488E-10
         900        1900   4.05264378E-10
        1000        1900   6.27583152E-10
        1100        1900   6.04411465E-10
        1200        1900   3.65059705E-10
        1300        1900   1.61689842E-10
        1400        1900   6.54169705E-11
        1500        1900   2.61811718E-11
        1600        1900   1.04725898E-11
        1700        1900   4.18903670E-12
        1800        1900   1.67561473E-12
        1900        1900   6.70245923E-13
        2000        1900   2.68098369E-13
        2000        2000   1.07239352E-13
        1900        2000   4.28957407E-14
        1800        2000   1.71582973E-14
        1700        2000   6.86331908E-15
        1600        2000   2.74532759E-15
        1500        2000   1.09813110E-15
        1400        2000   4.39252440E-16
        1300        2000   1.75700984E-16
        1200        2000   7.02803949E-17
        1100        2000   2.81121599E-17
        1000        2000   1.12448645E-17
         900        2000   4.49794595E-18
         800        2000   1.79917842E-18
         700        2000   7.19671380E-19
         600        2000   2.87868547E-19
         500        2000   1.15147419E-19
         400        2000   4.60589675E-20
         300        2000   1.84235870E-20
         200        2000   7.36943528E-21
         100        2000   2.94777423E-21
           0        2000   1.17910971E-21
