           0           0   0.00000000    
           0         100   0.00000000    
           0         200   0.00000000    
           0         300   0.00000000    
           0         400   0.00000000    
           0         500   0.00000000    
           0         600   0.00000000    
           0         700   0.00000000    
           0         800   0.00000000    
           0         900   0.00000000    
           0        1000   0.00000000    
           0        1100   0.00000000    
           0        1200   0.00000000    
           0        1300   0.00000000    
           0        1400   0.00000000    
           0        1500   0.00000000    
           0        1600   0.00000000    
           0        1700   0.00000000    
           0        1800   0.00000000    
           0        1900   0.00000000    
           0        2000   0.00000000    
         100           0   0.00000000    
         100         100   0.00000000    
         100         200   0.00000000    
         100         300   7.26174260E-19
         100         400   2.00188111E-16
         100         500   2.39715203E-14
         100         600   1.23504418E-12
         100         700   2.61097359E-11
         100         800   2.05490056E-10
         100         900   5.88958216E-10
         100        1000   7.75788489E-10
         100        1100   5.88958271E-10
         100        1200   2.05490069E-10
         100        1300   2.61097394E-11
         100        1400   1.23504418E-12
         100        1500   2.39715254E-14
         100        1600   2.00188111E-16
         100        1700   7.26174260E-19
         100        1800   0.00000000    
         100        1900   0.00000000    
         100        2000   0.00000000    
         200           0   0.00000000    
         200         100   0.00000000    
         200         200   1.39765761E-18
         200         300   7.69387184E-16
         200         400   1.84006293E-13
         200         500   1.86004892E-11
         200         600   7.99126876E-10
         200         700   1.44499621E-08
         200         800   1.02541669E-07
         200         900   2.79607008E-07
         200        1000   3.63703776E-07
         200        1100   2.79607008E-07
         200        1200   1.02541669E-07
         200        1300   1.44499621E-08
         200        1400   7.99127042E-10
         200        1500   1.86004892E-11
         200        1600   1.84006280E-13
         200        1700   7.69387184E-16
         200        1800   1.39765761E-18
         200        1900   0.00000000    
         200        2000   0.00000000    
         300           0   0.00000000    
         300         100   7.26174260E-19
         300         200   7.69387184E-16
         300         300   3.71113296E-13
         300         400   7.62818211E-11
         300         500   6.41028253E-09
         300         600   2.22472565E-07
         300         700   3.29654904E-06
         300         800   2.03686504E-05
         300         900   5.18510278E-05
         300        1000   6.62459061E-05
         300        1100   5.18510278E-05
         300        1200   2.03686504E-05
         300        1300   3.29654904E-06
         300        1400   2.22472565E-07
         300        1500   6.41028208E-09
         300        1600   7.62818211E-11
         300        1700   3.71113296E-13
         300        1800   7.69387184E-16
         300        1900   7.26174260E-19
         300        2000   0.00000000    
         400           0   0.00000000    
         400         100   2.00188111E-16
         400         200   1.84006293E-13
         400         300   7.62818211E-11
         400         400   1.32439180E-08
         400         500   9.09040921E-07
         400         600   2.46535074E-05
         400         700   2.83079076E-04
         400         800   1.44295953E-03
         400         900   3.32385744E-03
         400        1000   4.13400307E-03
         400        1100   3.32385744E-03
         400        1200   1.44295965E-03
         400        1300   2.83079076E-04
         400        1400   2.46535110E-05
         400        1500   9.09040921E-07
         400        1600   1.32439171E-08
         400        1700   7.62818211E-11
         400        1800   1.84006280E-13
         400        1900   2.00189130E-16
         400        2000   0.00000000    
         500           0   0.00000000    
         500         100   2.39715254E-14
         500         200   1.86004892E-11
         500         300   6.41028253E-09
         500         400   9.09040921E-07
         500         500   4.95328932E-05
         500         600   1.01582299E-03
         500         700   8.49923771E-03
         500         800   3.31339724E-02
         500         900   6.57255128E-02
         500        1000   7.84361586E-02
         500        1100   6.57255128E-02
         500        1200   3.31339724E-02
         500        1300   8.49923771E-03
         500        1400   1.01582287E-03
         500        1500   4.95328932E-05
         500        1600   9.09040921E-07
         500        1700   6.41028253E-09
         500        1800   1.86004892E-11
         500        1900   2.39716423E-14
         500        2000   0.00000000    
         600           0   0.00000000    
         600         100   1.23504418E-12
         600         200   7.99126987E-10
         600         300   2.22472565E-07
         600         400   2.46535110E-05
         600         500   1.01582299E-03
         600         600   1.51271783E-02
         600         700   8.76860172E-02
         600         800  0.241690353    
         600         900  0.387772977    
         600        1000  0.435694605    
         600        1100  0.387772977    
         600        1200  0.241690353    
         600        1300   8.76860172E-02
         600        1400   1.51271792E-02
         600        1500   1.01582299E-03
         600        1600   2.46535110E-05
         600        1700   2.22472565E-07
         600        1800   7.99126987E-10
         600        1900   1.23505188E-12
         600        2000   0.00000000    
         700           0   0.00000000    
         700         100   2.61097359E-11
         700         200   1.44499621E-08
         700         300   3.29654904E-06
         700         400   2.83079076E-04
         700         500   8.49923864E-03
         700         600   8.76860172E-02
         700         700  0.342099518    
         700         800  0.649423778    
         700         900  0.821173549    
         700        1000  0.862476766    
         700        1100  0.821173549    
         700        1200  0.649423778    
         700        1300  0.342099518    
         700        1400   8.76860172E-02
         700        1500   8.49923771E-03
         700        1600   2.83079076E-04
         700        1700   3.29654881E-06
         700        1800   1.44499621E-08
         700        1900   2.61099371E-11
         700        2000   0.00000000    
         800           0   0.00000000    
         800         100   2.05490069E-10
         800         200   1.02541669E-07
         800         300   2.03686504E-05
         800         400   1.44295965E-03
         800         500   3.31339724E-02
         800         600  0.241690353    
         800         700  0.649423778    
         800         800  0.910881996    
         800         900  0.980201721    
         800        1000  0.989637673    
         800        1100  0.980201721    
         800        1200  0.910882056    
         800        1300  0.649423778    
         800        1400  0.241690353    
         800        1500   3.31339724E-02
         800        1600   1.44295965E-03
         800        1700   2.03686504E-05
         800        1800   1.02541669E-07
         800        1900   2.05491860E-10
         800        2000   0.00000000    
         900           0   0.00000000    
         900         100   5.88958271E-10
         900         200   2.79607008E-07
         900         300   5.18510278E-05
         900         400   3.32385744E-03
         900         500   6.57255128E-02
         900         600  0.387772977    
         900         700  0.821173549    
         900         800  0.980201662    
         900         900  0.998787940    
         900        1000  0.999750614    
         900        1100  0.998787940    
         900        1200  0.980201721    
         900        1300  0.821173549    
         900        1400  0.387772977    
         900        1500   6.57255128E-02
         900        1600   3.32385744E-03
         900        1700   5.18510278E-05
         900        1800   2.79607008E-07
         900        1900   5.88963656E-10
         900        2000   0.00000000    
        1000           0   0.00000000    
        1000         100   7.75788489E-10
        1000         200   3.63703862E-07
        1000         300   6.62459061E-05
        1000         400   4.13400354E-03
        1000         500   7.84361586E-02
        1000         600  0.435694605    
        1000         700  0.862476707    
        1000         800  0.989637673    
        1000         900  0.999750614    
        1000        1000   1.00000000    
        1000        1100  0.999750555    
        1000        1200  0.989637673    
        1000        1300  0.862476647    
        1000        1400  0.435694605    
        1000        1500   7.84361586E-02
        1000        1600   4.13400400E-03
        1000        1700   6.62459061E-05
        1000        1800   3.63703776E-07
        1000        1900   7.75795705E-10
        1000        2000   0.00000000    
        1100           0   0.00000000    
        1100         100   5.88958271E-10
        1100         200   2.79607008E-07
        1100         300   5.18510351E-05
        1100         400   3.32385744E-03
        1100         500   6.57255128E-02
        1100         600  0.387772977    
        1100         700  0.821173549    
        1100         800  0.980201721    
        1100         900  0.998787940    
        1100        1000  0.999750614    
        1100        1100  0.998787940    
        1100        1200  0.980201721    
        1100        1300  0.821173549    
        1100        1400  0.387772977    
        1100        1500   6.57255128E-02
        1100        1600   3.32385744E-03
        1100        1700   5.18510278E-05
        1100        1800   2.79607008E-07
        1100        1900   5.88963656E-10
        1100        2000   0.00000000    
        1200           0   0.00000000    
        1200         100   2.05490056E-10
        1200         200   1.02541669E-07
        1200         300   2.03686504E-05
        1200         400   1.44295965E-03
        1200         500   3.31339724E-02
        1200         600  0.241690353    
        1200         700  0.649423778    
        1200         800  0.910881996    
        1200         900  0.980201721    
        1200        1000  0.989637673    
        1200        1100  0.980201781    
        1200        1200  0.910881996    
        1200        1300  0.649423778    
        1200        1400  0.241690353    
        1200        1500   3.31339724E-02
        1200        1600   1.44295965E-03
        1200        1700   2.03686504E-05
        1200        1800   1.02541669E-07
        1200        1900   2.05491874E-10
        1200        2000   0.00000000    
        1300           0   0.00000000    
        1300         100   2.61097359E-11
        1300         200   1.44499621E-08
        1300         300   3.29654904E-06
        1300         400   2.83079076E-04
        1300         500   8.49923771E-03
        1300         600   8.76860172E-02
        1300         700  0.342099518    
        1300         800  0.649423778    
        1300         900  0.821173549    
        1300        1000  0.862476766    
        1300        1100  0.821173549    
        1300        1200  0.649423778    
        1300        1300  0.342099518    
        1300        1400   8.76860172E-02
        1300        1500   8.49923771E-03
        1300        1600   2.83079076E-04
        1300        1700   3.29654904E-06
        1300        1800   1.44499621E-08
        1300        1900   2.61099371E-11
        1300        2000   0.00000000    
        1400           0   0.00000000    
        1400         100   1.23504418E-12
        1400         200   7.99126987E-10
        1400         300   2.22472579E-07
        1400         400   2.46535074E-05
        1400         500   1.01582287E-03
        1400         600   1.51271783E-02
        1400         700   8.76860172E-02
        1400         800  0.241690353    
        1400         900  0.387773037    
        1400        1000  0.435694605    
        1400        1100  0.387772977    
        1400        1200  0.241690353    
        1400        1300   8.76860172E-02
        1400        1400   1.51271792E-02
        1400        1500   1.01582287E-03
        1400        1600   2.46535110E-05
        1400        1700   2.22472565E-07
        1400        1800   7.99127042E-10
        1400        1900   1.23505188E-12
        1400        2000   0.00000000    
        1500           0   0.00000000    
        1500         100   2.39715254E-14
        1500         200   1.86004892E-11
        1500         300   6.41028253E-09
        1500         400   9.09040921E-07
        1500         500   4.95328932E-05
        1500         600   1.01582287E-03
        1500         700   8.49923771E-03
        1500         800   3.31339724E-02
        1500         900   6.57255128E-02
        1500        1000   7.84361586E-02
        1500        1100   6.57255128E-02
        1500        1200   3.31339724E-02
        1500        1300   8.49923771E-03
        1500        1400   1.01582287E-03
        1500        1500   4.95328895E-05
        1500        1600   9.09040921E-07
        1500        1700   6.41028253E-09
        1500        1800   1.86004892E-11
        1500        1900   2.39716423E-14
        1500        2000   0.00000000    
        1600           0   0.00000000    
        1600         100   2.00188111E-16
        1600         200   1.84006293E-13
        1600         300   7.62818211E-11
        1600         400   1.32439171E-08
        1600         500   9.09040921E-07
        1600         600   2.46535110E-05
        1600         700   2.83079076E-04
        1600         800   1.44295965E-03
        1600         900   3.32385791E-03
        1600        1000   4.13400354E-03
        1600        1100   3.32385744E-03
        1600        1200   1.44295965E-03
        1600        1300   2.83079076E-04
        1600        1400   2.46535110E-05
        1600        1500   9.09040921E-07
        1600        1600   1.32439171E-08
        1600        1700   7.62818211E-11
        1600        1800   1.84006293E-13
        1600        1900   2.00189130E-16
        1600        2000   0.00000000    
        1700           0   0.00000000    
        1700         100   7.26174260E-19
        1700         200   7.69387184E-16
        1700         300   3.71113296E-13
        1700         400   7.62818211E-11
        1700         500   6.41028253E-09
        1700         600   2.22472565E-07
        1700         700   3.29654881E-06
        1700         800   2.03686504E-05
        1700         900   5.18510351E-05
        1700        1000   6.62459061E-05
        1700        1100   5.18510351E-05
        1700        1200   2.03686504E-05
        1700        1300   3.29654881E-06
        1700        1400   2.22472565E-07
        1700        1500   6.41028253E-09
        1700        1600   7.62818211E-11
        1700        1700   3.71113296E-13
        1700        1800   7.69387184E-16
        1700        1900   7.26174260E-19
        1700        2000   0.00000000    
        1800           0   0.00000000    
        1800         100   0.00000000    
        1800         200   1.39765761E-18
        1800         300   7.69387184E-16
        1800         400   1.84006293E-13
        1800         500   1.86004892E-11
        1800         600   7.99126876E-10
        1800         700   1.44499621E-08
        1800         800   1.02541669E-07
        1800         900   2.79607036E-07
        1800        1000   3.63703776E-07
        1800        1100   2.79607008E-07
        1800        1200   1.02541669E-07
        1800        1300   1.44499621E-08
        1800        1400   7.99126876E-10
        1800        1500   1.86004857E-11
        1800        1600   1.84006293E-13
        1800        1700   7.69387184E-16
        1800        1800   1.39765761E-18
        1800        1900   0.00000000    
        1800        2000   0.00000000    
        1900           0   0.00000000    
        1900         100   0.00000000    
        1900         200   0.00000000    
        1900         300   7.26174260E-19
        1900         400   2.00189130E-16
        1900         500   2.39716423E-14
        1900         600   1.23505188E-12
        1900         700   2.61099371E-11
        1900         800   2.05491874E-10
        1900         900   5.88963767E-10
        1900        1000   7.75795650E-10
        1900        1100   5.88963767E-10
        1900        1200   2.05491874E-10
        1900        1300   2.61099371E-11
        1900        1400   1.23505188E-12
        1900        1500   2.39716423E-14
        1900        1600   2.00189130E-16
        1900        1700   7.26174260E-19
        1900        1800   0.00000000    
        1900        1900   0.00000000    
        1900        2000   0.00000000    
        2000           0   0.00000000    
        2000         100   0.00000000    
        2000         200   0.00000000    
        2000         300   0.00000000    
        2000         400   0.00000000    
        2000         500   0.00000000    
        2000         600   0.00000000    
        2000         700   0.00000000    
        2000         800   0.00000000    
        2000         900   0.00000000    
        2000        1000   0.00000000    
        2000        1100   0.00000000    
        2000        1200   0.00000000    
        2000        1300   0.00000000    
        2000        1400   0.00000000    
        2000        1500   0.00000000    
        2000        1600   0.00000000    
        2000        1700   0.00000000    
        2000        1800   0.00000000    
        2000        1900   0.00000000    
        2000        2000   0.00000000    
