0 0 -0.103743285
0 0 -0.10145004
0 0 -0.10145834
0 0 -0.10350256
0 0 -0.10840791
0 0 -0.11466606
0 0 -0.1221193
0 0 -0.12888722
0 0 -0.13534826
0 0 -0.14150241
0 0 -0.14739458
0 0 -0.15274794
100 0 -0.15743503
80 58 -0.16393512
30 95 -0.1689894
-30 95 -0.16838393
-80 58 -0.16869594
-100 0 -0.16932242
-80 -58 -0.17671266
-30 -95 -0.17872417
30 -95 -0.18081136
80 -58 -0.18294616
100 0 -0.18515956
200 0 -0.18298352
161 117 -0.19312283
61 190 -0.19878307
-61 190 -0.20108926
-161 117 -0.1970394
-200 0 -0.18891256
-161 -117 -0.1756167
-61 -190 -0.17790434
61 -190 -0.18336584
161 -117 -0.18872164
200 0 -0.1939849
300 0 -0.19669954
242 176 -0.2008915
92 285 -0.20218742
-92 285 -0.2029074
-242 176 -0.20159684
-300 0 -0.20005897
-242 -176 -0.19860606
-92 -285 -0.19506988
92 -285 -0.19797128
242 -176 -0.20379266
300 0 -0.20791456
400 0 -0.21110772
323 235 -0.21500255
123 380 -0.21629114
-123 380 -0.21797307
-323 235 -0.21886736
-400 0 -0.21728434
-323 -235 -0.2157538
-123 -380 -0.2181381
123 -380 -0.2202231
323 -235 -0.22354126
400 0 -0.22534011
500 0 -0.22585185
404 293 -0.22808234
154 475 -0.22922494
-154 475 -0.2300106
-404 293 -0.23102649
-500 0 -0.22743756
-404 -293 -0.22406203
-154 -475 -0.22950375
154 -475 -0.23278579
404 -293 -0.23632345
500 0 -0.24069192
600 0 -0.2400298
485 352 -0.23837693
185 570 -0.23876147
-185 570 -0.23809226
-485 352 -0.23491229
-600 0 -0.2353117
-485 -352 -0.23205042
-185 -570 -0.22919759
185 -570 -0.23376237
485 -352 -0.23611665
600 0 -0.23635444
700 0 -0.2414932
566 411 -0.2415867
216 665 -0.24029152
-216 665 -0.24202421
-566 411 -0.23959571
-700 0 -0.23740134
-566 -411 -0.23432438
-216 -665 -0.2215715
216 -665 -0.22189403
566 -411 -0.23225404
700 0 -0.24423079
800 0 -0.24683093
647 470 -0.2509765
247 760 -0.25440136
-247 760 -0.25428465
-647 470 -0.2522685
-800 0 -0.25646585
-647 -470 -0.25451854
-247 -760 -0.25460815
247 -760 -0.25929132
647 -470 -0.25526464
800 0 -0.2344196
900 0 -0.23031944
728 529 -0.23226869
278 855 -0.23719919
-278 855 -0.2509909
-728 529 -0.24993962
-900 0 -0.25465673
-728 -529 -0.25444433
-278 -855 -0.25701076
278 -855 -0.2607762
728 -529 -0.24928409
900 0 -0.23744309
1000 0 -0.24227104
809 587 -0.25239083
309 951 -0.25664505
-309 951 -0.26081917
-809 587 -0.25882158
-1000 0 -0.2596026
-809 -587 -0.26053524
-309 -951 -0.25901103
309 -951 -0.25469604
809 -587 -0.24138504
1000 0 -0.2401438
