           0           0   1.00000000    
           0           0   1.00000000    
           0           0   1.00000000    
           0           0   1.00000000    
           0           0   1.00000000    
           0           0   1.00000000    
           0           0   1.00000000    
           0           0   1.00000000    
           0           0   1.00000000    
           0           0   1.00000000    
         100           0   1.00000000    
          81          59   1.00000000    
          31          95   1.00000000    
         -31          95   1.00000000    
         -81          59   1.00000000    
        -100           0   1.00000000    
         -81         -59   1.00000000    
         -31         -95   1.00000000    
          31         -95   1.00000000    
          81         -59   1.00000000    
         200           0  0.999317765    
         162         118  0.998869419    
          62         190  0.998120904    
         -62         190  0.997522056    
        -162         118  0.997432828    
        -200           0  0.997264028    
        -162        -118  0.997226417    
         -62        -190  0.996806502    
          62        -190  0.996470571    
         162        -118  0.996591687    
         300           0  0.946103752    
         243         176  0.911171496    
          93         285  0.886831939    
         -93         285  0.867360294    
        -243         176  0.848176718    
        -300           0  0.827371776    
        -243        -176  0.816185892    
         -93        -285  0.810843468    
          93        -285  0.806569517    
         243        -176  0.799544096    
         400           0  0.651915967    
         324         235  0.536932349    
         124         380  0.445920169    
        -124         380  0.373110414    
        -324         235  0.313887924    
        -400           0  0.263391048    
        -324        -235  0.226112455    
        -124        -380  0.197264224    
         124        -380  0.174185649    
         324        -235  0.154748127    
         500           0  0.123798504    
         405         294   9.90388021E-02
         155         476   7.92310461E-02
        -155         476   6.33848384E-02
        -405         294   5.07078730E-02
        -500           0   4.05662991E-02
        -405        -294   3.24530415E-02
        -155        -476   2.59624328E-02
         155        -476   2.07699463E-02
         405        -294   1.66159570E-02
         600           0   1.32927662E-02
         485         353   1.06342128E-02
         185         571   8.50737002E-03
        -185         571   6.80589629E-03
        -485         353   5.44471713E-03
        -600           0   4.35577380E-03
        -485        -353   3.48461908E-03
        -185        -571   2.78769527E-03
         185        -571   2.23015621E-03
         485        -353   1.78412499E-03
         700           0   1.42730004E-03
         566         411   1.14184001E-03
         216         666   9.13472031E-04
        -216         666   7.30777625E-04
        -566         411   5.84622088E-04
        -700           0   4.67697682E-04
        -566        -411   3.74158146E-04
        -216        -666   2.99326523E-04
         216        -666   2.39461224E-04
         566        -411   1.91568979E-04
         800           0   1.53255183E-04
         647         470   1.22604150E-04
         247         761   9.80833211E-05
        -247         761   7.84666554E-05
        -647         470   6.27733243E-05
        -800           0   5.02186595E-05
        -647        -470   4.01749276E-05
        -247        -761   3.21399420E-05
         247        -761   2.57119536E-05
         647        -470   2.05695633E-05
         900           0   1.64556513E-05
         728         529   1.31645211E-05
         278         856   1.05316167E-05
        -278         856   8.42529334E-06
        -728         529   6.74023477E-06
        -900           0   5.39218809E-06
        -728        -529   4.31375065E-06
        -278        -856   3.45100057E-06
         278        -856   2.76080050E-06
         728        -529   2.20864035E-06
        1000           0   1.76691231E-06
         809         588   1.41352984E-06
         309         951   1.13082388E-06
        -309         951   9.04659089E-07
        -809         588   7.23727283E-07
       -1000           0   5.78981826E-07
        -809        -588   4.63185472E-07
        -309        -951   3.70548378E-07
         309        -951   2.96438714E-07
         809        -588   2.37150971E-07
