           0           0   0.00000000    
           0           0   0.00000000    
           0           0   0.00000000    
           0           0   0.00000000    
           0           0   0.00000000    
           0           0   0.00000000    
           0           0   0.00000000    
           0           0   0.00000000    
           0           0   0.00000000    
           0           0   0.00000000    
         100           0   0.00000000    
          81          59   0.00000000    
          31          95   0.00000000    
         -31          95   0.00000000    
         -81          59   0.00000000    
        -100           0   0.00000000    
         -81         -59   0.00000000    
         -31         -95   0.00000000    
          31         -95   0.00000000    
          81         -59   0.00000000    
         200           0   2.72905827E-03
         162         118   1.79338455E-03
          62         190   2.99417973E-03
         -62         190   2.39533186E-03
        -162         118   3.56793404E-04
        -200           0   6.75320625E-04
        -162        -118   1.50382519E-04
         -62        -190   1.67977810E-03
          62        -190   1.34384632E-03
         162        -118  -4.84347343E-04
         300           0  0.201951683    
         243         176  0.139729023    
          93         285   9.73582268E-02
         -93         285   7.78865814E-02
        -243         176   7.67342448E-02
        -300           0   8.32197070E-02
        -243        -176   4.47434187E-02
         -93        -285   2.13697553E-02
          93        -285   1.70958042E-02
         243        -176   2.81016231E-02
         400           0  0.590512455    
         324         235  0.459934294    
         124         380  0.364048839    
        -124         380  0.291239083    
        -324         235  0.236889869    
        -400           0  0.201987535    
        -324        -235  0.149114400    
        -124        -380  0.115392879    
         124        -380   9.23143029E-02
         324        -235   7.77500793E-02
         500           0  0.123798504    
         405         294   9.90388021E-02
         155         476   7.92310461E-02
        -155         476   6.33848384E-02
        -405         294   5.07078730E-02
        -500           0   4.05662991E-02
        -405        -294   3.24530415E-02
        -155        -476   2.59624328E-02
         155        -476   2.07699463E-02
         405        -294   1.66159570E-02
         600           0   1.32927662E-02
         485         353   1.06342128E-02
         185         571   8.50737002E-03
        -185         571   6.80589629E-03
        -485         353   5.44471713E-03
        -600           0   4.35577380E-03
        -485        -353   3.48461908E-03
        -185        -571   2.78769527E-03
         185        -571   2.23015621E-03
         485        -353   1.78412499E-03
         700           0   1.42730004E-03
         566         411   1.14184001E-03
         216         666   9.13472031E-04
        -216         666   7.30777625E-04
        -566         411   5.84622088E-04
        -700           0   4.67697682E-04
        -566        -411   3.74158146E-04
        -216        -666   2.99326523E-04
         216        -666   2.39461224E-04
         566        -411   1.91568979E-04
         800           0   1.53255183E-04
         647         470   1.22604150E-04
         247         761   9.80833211E-05
        -247         761   7.84666554E-05
        -647         470   6.27733243E-05
        -800           0   5.02186595E-05
        -647        -470   4.01749276E-05
        -247        -761   3.21399420E-05
         247        -761   2.57119536E-05
         647        -470   2.05695633E-05
         900           0   1.64556513E-05
         728         529   1.31645211E-05
         278         856   1.05316167E-05
        -278         856   8.42529334E-06
        -728         529   6.74023477E-06
        -900           0   5.39218809E-06
        -728        -529   4.31375065E-06
        -278        -856   3.45100057E-06
         278        -856   2.76080050E-06
         728        -529   2.20864035E-06
        1000           0   1.76691231E-06
         809         588   1.41352984E-06
         309         951   1.13082388E-06
        -309         951   9.04659089E-07
        -809         588   7.23727283E-07
       -1000           0   5.78981826E-07
        -809        -588   4.63185472E-07
        -309        -951   3.70548378E-07
         309        -951   2.96438714E-07
         809        -588   2.37150971E-07
