0 0 -0.10422547
100 0 -0.10259263
50 86 -0.10796772
-49 86 -0.1120232
-100 0 -0.11602717
-50 -86 -0.11585309
50 -86 -0.11814658
200 0 -0.12617551
173 99 -0.13108794
100 173 -0.13357235
0 200 -0.13513756
-99 173 -0.13762735
-173 99 -0.14064083
-200 0 -0.14105368
-173 -99 -0.14018476
-100 -173 -0.14318895
0 -200 -0.14731158
100 -173 -0.15182093
173 -100 -0.16212699
300 0 -0.16895181
281 102 -0.17204511
229 192 -0.17405857
150 259 -0.17514257
52 295 -0.17524315
-52 295 -0.17245893
-149 259 -0.17086248
-229 192 -0.16812806
-281 102 -0.16580918
-300 0 -0.16366804
-281 -102 -0.16093484
-229 -192 -0.15979199
-150 -259 -0.16079664
-52 -295 -0.16270733
52 -295 -0.16530111
149 -259 -0.16896987
229 -192 -0.1717392
281 -102 -0.17445897
400 0 -0.1780186
387 99 -0.17945783
350 192 -0.18063045
291 273 -0.18211998
214 337 -0.18388954
123 380 -0.18534927
25 399 -0.1870805
-74 392 -0.1888066
-170 361 -0.19022484
-254 308 -0.1913684
-323 235 -0.19173193
-371 147 -0.19136621
-396 50 -0.19042991
-396 -50 -0.18939963
-371 -147 -0.18792084
-323 -235 -0.18715276
-254 -308 -0.18749653
-170 -361 -0.1882021
-74 -392 -0.1887917
25 -399 -0.18958005
123 -380 -0.19034325
214 -337 -0.1910869
291 -273 -0.19192554
350 -192 -0.19307229
387 -99 -0.19385111
500 0 -0.19647224
489 100 -0.197212
459 197 -0.19787192
410 285 -0.19917053
344 362 -0.20086855
264 424 -0.20275652
173 468 -0.20468599
75 494 -0.20686547
-25 499 -0.20895486
-125 484 -0.21097271
-220 448 -0.21372226
-306 395 -0.21523938
-379 325 -0.21648012
-437 242 -0.21753556
-477 149 -0.21870062
-497 50 -0.21937908
-497 -50 -0.21945086
-477 -149 -0.2194704
-437 -242 -0.21971186
-379 -325 -0.21973749
-306 -395 -0.219727
-220 -448 -0.21975166
-125 -484 -0.21976557
-25 -499 -0.21966156
75 -494 -0.21937884
173 -468 -0.21901605
264 -424 -0.21870013
344 -362 -0.21843255
410 -285 -0.21825774
459 -197 -0.21814518
489 -100 -0.21823649
600 0 -0.21913958
591 101 -0.21957147
565 199 -0.22013082
523 292 -0.220769
466 376 -0.22170213
396 450 -0.22275658
314 510 -0.22421607
223 556 -0.22562478
126 586 -0.22731574
25 599 -0.22925425
-76 595 -0.23183778
-175 573 -0.23457757
-270 535 -0.23738962
-356 482 -0.23973097
-433 415 -0.2421165
-497 335 -0.24478817
-546 247 -0.24712902
-580 151 -0.24936149
-597 50 -0.2510722
-597 -50 -0.25206366
-580 -151 -0.252842
-546 -247 -0.25315598
-497 -335 -0.25329417
-433 -415 -0.252894
-356 -482 -0.25209102
-270 -535 -0.25091523
-175 -573 -0.24955948
-76 -595 -0.24819618
25 -599 -0.24647911
126 -586 -0.24491976
223 -556 -0.24340655
314 -510 -0.24204448
396 -450 -0.2410569
466 -376 -0.24023488
523 -292 -0.2396333
565 -199 -0.23928516
591 -101 -0.23918897
700 0 -0.23963453
692 101 -0.23986647
670 201 -0.24031276
633 297 -0.2410723
583 386 -0.2419075
521 467 -0.24297173
447 538 -0.24428988
364 597 -0.24576035
273 644 -0.24741882
177 677 -0.24909024
76 695 -0.2510312
-25 699 -0.25312424
-127 688 -0.25556737
-226 662 -0.2575706
-320 622 -0.25927618
-407 569 -0.26078376
-485 503 -0.26242858
-554 427 -0.26462758
-610 342 -0.26717353
-653 250 -0.26834494
-683 152 -0.26663396
-698 51 -0.2665595
-698 -51 -0.26644987
-683 -152 -0.26556608
-653 -250 -0.26492912
-610 -342 -0.26445863
-554 -427 -0.26383656
-485 -503 -0.2630199
-407 -569 -0.26164073
-320 -622 -0.26066145
-226 -662 -0.259492
-127 -688 -0.25824565
-25 -699 -0.25692996
76 -695 -0.25567824
177 -677 -0.25443578
273 -644 -0.25329122
364 -597 -0.25196576
447 -538 -0.25121772
521 -467 -0.2505656
583 -386 -0.24992985
633 -297 -0.2494545
670 -201 -0.2491122
692 -101 -0.24897036
800 0 -0.24938615
793 100 -0.24938077
774 198 -0.24979801
743 294 -0.2502719
701 385 -0.25097138
647 470 -0.25178462
583 547 -0.2527055
509 616 -0.25385326
428 675 -0.25520238
340 723 -0.2566814
247 760 -0.2583238
149 785 -0.2599466
50 798 -0.2616439
-50 798 -0.2632162
-149 785 -0.26546133
-247 760 -0.2672133
-340 723 -0.26851583
-428 675 -0.269927
-509 616 -0.27149293
-583 547 -0.27290383
-647 470 -0.27421537
-701 385 -0.27509186
-743 294 -0.27480498
-774 198 -0.2755982
-793 100 -0.27529353
-800 0 -0.27543855
-793 -100 -0.27499348
-774 -198 -0.2745496
-743 -294 -0.27392143
-701 -385 -0.27329934
-647 -470 -0.27270877
-583 -547 -0.27208593
-509 -616 -0.2714187
-428 -675 -0.27066845
-340 -723 -0.26980639
-247 -760 -0.268863
-149 -785 -0.26797113
-50 -798 -0.2671518
50 -798 -0.26630485
149 -785 -0.2653605
247 -760 -0.2644103
340 -723 -0.26341859
428 -675 -0.2627274
509 -616 -0.26194492
583 -547 -0.26131016
647 -470 -0.26078916
701 -385 -0.2603392
743 -294 -0.2600794
774 -198 -0.25994343
793 -100 -0.2599637
900 0 -0.2604798
894 100 -0.2606578
877 200 -0.26120615
849 297 -0.2619254
810 390 -0.26279527
762 478 -0.2638788
703 561 -0.2650109
636 636 -0.26634368
561 703 -0.2678078
478 762 -0.26476112
390 810 -0.2696577
297 849 -0.2724114
200 877 -0.27380887
100 894 -0.276201
0 900 -0.27876037
-100 894 -0.28117007
-200 877 -0.28308
-297 849 -0.28507468
-390 810 -0.28664622
-478 762 -0.2883147
-561 703 -0.2902569
-636 636 -0.29183772
-703 561 -0.2930233
-762 478 -0.29438877
-810 390 -0.29523572
-849 297 -0.2961991
-877 200 -0.2973488
-894 100 -0.29788932
-900 0 -0.29885808
-894 -100 -0.3003039
-877 -200 -0.3013618
-849 -297 -0.30210227
-810 -390 -0.30288917
-762 -478 -0.3036731
-703 -561 -0.30354005
-636 -636 -0.30375075
-561 -703 -0.3024265
-478 -762 -0.30199632
-390 -810 -0.3011384
-297 -849 -0.2996999
-200 -877 -0.29854316
-100 -894 -0.29821673
0 -900 -0.297079
100 -894 -0.29440758
200 -877 -0.29247394
297 -849 -0.2909273
390 -810 -0.2899522
478 -762 -0.2888843
561 -703 -0.28753027
636 -636 -0.28654686
703 -561 -0.28595287
762 -478 -0.28532004
810 -390 -0.2854558
849 -297 -0.28536594
877 -200 -0.285729
894 -100 -0.2862478
1000 0 -0.28730592
994 101 -0.28794825
979 201 -0.2890469
954 299 -0.2903389
918 394 -0.29188287
874 485 -0.29349962
820 571 -0.29484215
758 651 -0.2968925
688 724 -0.29891032
612 790 -0.3005478
528 848 -0.30179393
440 897 -0.30531716
347 937 -0.3075179
250 968 -0.30946836
151 988 -0.31129333
50 998 -0.31325406
-50 998 -0.31527337
-151 988 -0.3172236
-250 968 -0.31883445
-347 937 -0.31974488
-440 897 -0.32119632
-528 848 -0.32228252
-612 790 -0.3237911
-688 724 -0.32462582
-758 651 -0.32578477
-820 571 -0.32647985
-874 485 -0.32704356
-918 394 -0.3275597
-954 299 -0.3279225
-979 201 -0.3280575
-994 101 -0.32806557
-1000 0 -0.3279042
-994 -101 -0.3275514
-979 -201 -0.3269315
-954 -299 -0.32626572
-918 -394 -0.32539365
-874 -485 -0.3226287
-820 -571 -0.32220805
-758 -651 -0.32116848
-688 -724 -0.31953564
-612 -790 -0.31831786
-528 -848 -0.31668305
-440 -897 -0.31472185
-347 -937 -0.31327114
-250 -968 -0.31156215
-151 -988 -0.30995932
-50 -998 -0.30833137
50 -998 -0.30689728
151 -988 -0.30531985
250 -968 -0.30318993
347 -937 -0.29959467
440 -897 -0.2974389
528 -848 -0.29851824
612 -790 -0.29845256
688 -724 -0.29810393
758 -651 -0.29768303
820 -571 -0.29724672
874 -485 -0.2969596
918 -394 -0.2968229
954 -299 -0.29664394
979 -201 -0.29660097
994 -101 -0.29677626
