           0           0   0.00000000    
         100           0   0.00000000    
         200           0   0.00000000    
         300           0   0.00000000    
         400           0   0.00000000    
         500           0   0.00000000    
         600           0   0.00000000    
         700           0   0.00000000    
         800           0   0.00000000    
         900           0   0.00000000    
        1000           0   0.00000000    
        1100           0   0.00000000    
        1200           0   0.00000000    
        1300           0   0.00000000    
        1400           0   0.00000000    
        1500           0   0.00000000    
        1600           0   0.00000000    
        1700           0   0.00000000    
        1800           0   0.00000000    
        1900           0   0.00000000    
        2000           0   0.00000000    
        2000           0   0.00000000    
        1900           0   0.00000000    
        1800           0   0.00000000    
        1700           0   0.00000000    
        1600           0   0.00000000    
        1500           0   0.00000000    
        1400           0   0.00000000    
        1300           0   0.00000000    
        1200           0   0.00000000    
        1100           0   0.00000000    
        1000           0   0.00000000    
         900           0   0.00000000    
         800           0   0.00000000    
         700           0   0.00000000    
         600           0   0.00000000    
         500           0   0.00000000    
         400           0   0.00000000    
         300           0   0.00000000    
         200           0   0.00000000    
         100           0   0.00000000    
           0           0   0.00000000    
           0         100   0.00000000    
         100         100   0.00000000    
         200         100   0.00000000    
         300         100   0.00000000    
         400         100   0.00000000    
         500         100   0.00000000    
         600         100   0.00000000    
         700         100   0.00000000    
         800         100   0.00000000    
         900         100   0.00000000    
        1000         100   0.00000000    
        1100         100   0.00000000    
        1200         100   0.00000000    
        1300         100   0.00000000    
        1400         100   0.00000000    
        1500         100   0.00000000    
        1600         100   0.00000000    
        1700         100   0.00000000    
        1800         100   0.00000000    
        1900         100   0.00000000    
        2000         100   0.00000000    
        2000         100   0.00000000    
        1900         100   0.00000000    
        1800         100   0.00000000    
        1700         100   0.00000000    
        1600         100   0.00000000    
        1500         100   0.00000000    
        1400         100   0.00000000    
        1300         100   0.00000000    
        1200         100   0.00000000    
        1100         100   0.00000000    
        1000         100   0.00000000    
         900         100   0.00000000    
         800         100   0.00000000    
         700         100   0.00000000    
         600         100   0.00000000    
         500         100   0.00000000    
         400         100   0.00000000    
         300         100   0.00000000    
         200         100   0.00000000    
         100         100   0.00000000    
           0         100   0.00000000    
           0         200   0.00000000    
         100         200   0.00000000    
         200         200   0.00000000    
         300         200   0.00000000    
         400         200   0.00000000    
         500         200   0.00000000    
         600         200   0.00000000    
         700         200   0.00000000    
         800         200   0.00000000    
         900         200   0.00000000    
        1000         200   0.00000000    
        1100         200   0.00000000    
        1200         200   0.00000000    
        1300         200   0.00000000    
        1400         200   0.00000000    
        1500         200   0.00000000    
        1600         200   0.00000000    
        1700         200   0.00000000    
        1800         200   0.00000000    
        1900         200   0.00000000    
        2000         200   0.00000000    
        2000         200   0.00000000    
        1900         200   0.00000000    
        1800         200   0.00000000    
        1700         200   0.00000000    
        1600         200   0.00000000    
        1500         200   0.00000000    
        1400         200   0.00000000    
        1300         200   0.00000000    
        1200         200   0.00000000    
        1100         200   0.00000000    
        1000         200   0.00000000    
         900         200   0.00000000    
         800         200   0.00000000    
         700         200   0.00000000    
         600         200   0.00000000    
         500         200   0.00000000    
         400         200   0.00000000    
         300         200   0.00000000    
         200         200   0.00000000    
         100         200   0.00000000    
           0         200   0.00000000    
           0         300   0.00000000    
         100         300   0.00000000    
         200         300   0.00000000    
         300         300   0.00000000    
         400         300   0.00000000    
         500         300   0.00000000    
         600         300   0.00000000    
         700         300   0.00000000    
         800         300   0.00000000    
         900         300   0.00000000    
        1000         300   0.00000000    
        1100         300   0.00000000    
        1200         300   0.00000000    
        1300         300   0.00000000    
        1400         300   0.00000000    
        1500         300   0.00000000    
        1600         300   0.00000000    
        1700         300   0.00000000    
        1800         300   0.00000000    
        1900         300   0.00000000    
        2000         300   0.00000000    
        2000         300   0.00000000    
        1900         300   0.00000000    
        1800         300   0.00000000    
        1700         300   0.00000000    
        1600         300   0.00000000    
        1500         300   0.00000000    
        1400         300   0.00000000    
        1300         300   0.00000000    
        1200         300   0.00000000    
        1100         300   0.00000000    
        1000         300   0.00000000    
         900         300   0.00000000    
         800         300   0.00000000    
         700         300   0.00000000    
         600         300   0.00000000    
         500         300   0.00000000    
         400         300   0.00000000    
         300         300   0.00000000    
         200         300   0.00000000    
         100         300   0.00000000    
           0         300   0.00000000    
           0         400   0.00000000    
         100         400   0.00000000    
         200         400   0.00000000    
         300         400   0.00000000    
         400         400   0.00000000    
         500         400   0.00000000    
         600         400   0.00000000    
         700         400   0.00000000    
         800         400   0.00000000    
         900         400   0.00000000    
        1000         400   0.00000000    
        1100         400   0.00000000    
        1200         400   0.00000000    
        1300         400   0.00000000    
        1400         400   0.00000000    
        1500         400   0.00000000    
        1600         400   0.00000000    
        1700         400   0.00000000    
        1800         400   0.00000000    
        1900         400   0.00000000    
        2000         400   0.00000000    
        2000         400   0.00000000    
        1900         400   0.00000000    
        1800         400   0.00000000    
        1700         400   0.00000000    
        1600         400   0.00000000    
        1500         400   0.00000000    
        1400         400   0.00000000    
        1300         400   0.00000000    
        1200         400   0.00000000    
        1100         400   0.00000000    
        1000         400   0.00000000    
         900         400   0.00000000    
         800         400   0.00000000    
         700         400   0.00000000    
         600         400   0.00000000    
         500         400   0.00000000    
         400         400   0.00000000    
         300         400   0.00000000    
         200         400   0.00000000    
         100         400   0.00000000    
           0         400   0.00000000    
           0         500   0.00000000    
         100         500   0.00000000    
         200         500   0.00000000    
         300         500   0.00000000    
         400         500   0.00000000    
         500         500   0.00000000    
         600         500   0.00000000    
         700         500   0.00000000    
         800         500   0.00000000    
         900         500   0.00000000    
        1000         500   0.00000000    
        1100         500   0.00000000    
        1200         500   0.00000000    
        1300         500   0.00000000    
        1400         500   0.00000000    
        1500         500   0.00000000    
        1600         500   0.00000000    
        1700         500   0.00000000    
        1800         500   0.00000000    
        1900         500   0.00000000    
        2000         500   0.00000000    
        2000         500   0.00000000    
        1900         500   0.00000000    
        1800         500   0.00000000    
        1700         500   0.00000000    
        1600         500   0.00000000    
        1500         500   0.00000000    
        1400         500   0.00000000    
        1300         500   0.00000000    
        1200         500   0.00000000    
        1100         500   0.00000000    
        1000         500   0.00000000    
         900         500   0.00000000    
         800         500   0.00000000    
         700         500   0.00000000    
         600         500   0.00000000    
         500         500   0.00000000    
         400         500   0.00000000    
         300         500   0.00000000    
         200         500   0.00000000    
         100         500   0.00000000    
           0         500   0.00000000    
           0         600   0.00000000    
         100         600   0.00000000    
         200         600   0.00000000    
         300         600   0.00000000    
         400         600   0.00000000    
         500         600   0.00000000    
         600         600   0.00000000    
         700         600   0.00000000    
         800         600   1.46198831E-03
         900         600   1.01364516E-02
        1000         600   2.03898624E-02
        1100         600   2.52787508E-02
        1200         600   2.16849893E-02
        1300         600   1.73479915E-02
        1400         600   1.38783930E-02
        1500         600   1.11027146E-02
        1600         600   8.88217147E-03
        1700         600   7.10573746E-03
        1800         600   5.68458997E-03
        1900         600   4.54767188E-03
        2000         600   3.63813760E-03
        2000         600   3.27432388E-03
        1900         600   3.43804015E-03
        1800         600   3.77365830E-03
        1700         600   4.29795915E-03
        1600         600   5.03715826E-03
        1500         600   6.02821540E-03
        1400         600   7.32068298E-03
        1300         600   8.97918455E-03
        1200         600   1.18176397E-02
        1100         600   1.79029237E-02
        1000         600   2.05461178E-02
         900         600   1.78326070E-02
         800         600   1.16734933E-02
         700         600   8.75399914E-03
         600         600   7.00319931E-03
         500         600   5.60255954E-03
         400         600   4.48204763E-03
         300         600   3.58563825E-03
         200         600   2.86851055E-03
         100         600   2.29480839E-03
           0         600   1.83584669E-03
           0         700   2.93735485E-03
         100         700   2.34988402E-03
         200         700   1.87990721E-03
         300         700   1.50392577E-03
         400         700   1.20314059E-03
         500         700   9.62512509E-04
         600         700   7.70009996E-04
         700         700   6.07409701E-03
         800         700   6.10971004E-02
         900         700  0.179287016    
        1000         700  0.292260021    
        1100         700  0.364217371    
        1200         700  0.347611725    
        1300         700  0.283547461    
        1400         700  0.226837978    
        1500         700  0.181470379    
        1600         700  0.145176306    
        1700         700  0.116141044    
        1800         700   9.29128379E-02
        1900         700   7.43302703E-02
        2000         700   5.94642162E-02
        2000         700   5.35177961E-02
        1900         700   5.61936870E-02
        1800         700   6.16792589E-02
        1700         700   7.02487975E-02
        1600         700   8.23307708E-02
        1500         700   9.85292867E-02
        1400         700  0.119654268    
        1300         700  0.149490997    
        1200         700  0.208098590    
        1100         700  0.274747550    
        1000         700  0.294656307    
         900         700  0.273669213    
         800         700  0.205888018    
         700         700  0.146037683    
         600         700  0.114785507    
         500         700   9.20016617E-02
         400         700   7.38178939E-02
         300         700   5.93250245E-02
         200         700   4.77984063E-02
         100         700   3.86617035E-02
           0         700   3.14580873E-02
           0         800   4.79830578E-02
         100         800   3.83864455E-02
         200         800   3.07091568E-02
         300         800   2.45673265E-02
         400         800   1.96538623E-02
         500         800   1.57230906E-02
         600         800   1.40404608E-02
         700         800   6.74701929E-02
         800         800  0.227757812    
         900         800  0.380159438    
        1000         800  0.503445268    
        1100         800  0.600709438    
        1200         800  0.654349208    
        1300         800  0.579717159    
        1400         800  0.465235740    
        1500         800  0.372188598    
        1600         800  0.297750890    
        1700         800  0.238200709    
        1800         800  0.190560564    
        1900         800  0.152448460    
        2000         800  0.121958770    
        2000         800  0.109762892    
        1900         800  0.115251034    
        1800         800  0.126501724    
        1700         800  0.144077510    
        1600         800  0.168857172    
        1500         800  0.202079684    
        1400         800  0.246137172    
        1300         800  0.328792930    
        1200         800  0.445212930    
        1100         800  0.493762016    
        1000         800  0.506107330    
         900         800  0.492564082    
         800         800  0.442757249    
         700         800  0.324956685    
         600         800  0.240728512    
         500         800  0.194828168    
         400         800  0.159400240    
         300         800  0.131942317    
         200         800  0.111081503    
         100         800   9.57747623E-02
           0         800   8.52567554E-02
           0         900   9.80243683E-02
         100         900   7.84194991E-02
         200         900   6.27356023E-02
         300         900   5.01884818E-02
         400         900   4.01507877E-02
         500         900   3.21206301E-02
         600         900   3.46633643E-02
         700         900  0.158140063    
         800         900  0.324465275    
         900         900  0.459572196    
        1000         900  0.567657709    
        1100         900  0.654126167    
        1200         900  0.721254110    
        1300         900  0.707412660    
        1400         900  0.574896991    
        1500         900  0.459917605    
        1600         900  0.367934078    
        1700         900  0.294347256    
        1800         900  0.235477805    
        1900         900  0.188382253    
        2000         900  0.150705799    
        2000         900  0.135635227    
        1900         900  0.142416984    
        1800         900  0.156319588    
        1700         900  0.178038180    
        1600         900  0.208658680    
        1500         900  0.249712110    
        1400         900  0.307734579    
        1300         900  0.435139835    
        1200         900  0.524750531    
        1100         900  0.558361828    
        1000         900  0.568867862    
         900         900  0.557817280    
         800         900  0.523634195    
         700         900  0.433395952    
         600         900  0.305275857    
         500         900  0.246415645    
         400         900  0.204359666    
         300         900  0.172521666    
         200         900  0.149309739    
         100         900  0.133563295    
           0         900  0.124495022    
           0        1000  0.120772541    
         100        1000   9.66180339E-02
         200        1000   7.72944316E-02
         300        1000   6.18355460E-02
         400        1000   4.94684391E-02
         500        1000   3.95747535E-02
         600        1000   4.39405069E-02
         700        1000  0.183982790    
         800        1000  0.346503973    
         900        1000  0.477203190    
        1000        1000  0.581762552    
        1100        1000  0.665410042    
        1200        1000  0.731645763    
        1300        1000  0.734147012    
        1400        1000  0.599598348    
        1500        1000  0.479678690    
        1600        1000  0.383742958    
        1700        1000  0.306994379    
        1800        1000  0.245595500    
        1900        1000  0.196476400    
        2000        1000  0.157181129    
        2000        1000  0.141463012    
        1900        1000  0.148536161    
        1800        1000  0.163036123    
        1700        1000  0.185687885    
        1600        1000  0.217624038    
        1500        1000  0.260441393    
        1400        1000  0.322421163    
        1300        1000  0.459586322    
        1200        1000  0.539492011    
        1100        1000  0.571640253    
        1000        1000  0.582029462    
         900        1000  0.571520090    
         800        1000  0.539245665    
         700        1000  0.459201545    
         600        1000  0.321878731    
         500        1000  0.259714186    
         400        1000  0.216675654    
         300        1000  0.184470937    
         200        1000  0.161489740    
         100        1000  0.146583036    
           0        1000  0.139005482    
           0        1100  0.125790760    
         100        1100  0.100632608    
         200        1100   8.05060863E-02
         300        1100   6.44048676E-02
         400        1100   5.15238941E-02
         500        1100   4.12191153E-02
         600        1100   4.19421531E-02
         700        1100  0.163963109    
         800        1100  0.329123735    
         900        1100  0.463298976    
        1000        1100  0.570639133    
        1100        1100  0.656511307    
        1200        1100  0.723162293    
        1300        1100  0.708939195    
        1400        1100  0.576118231    
        1500        1100  0.460894585    
        1600        1100  0.368715674    
        1700        1100  0.294972539    
        1800        1100  0.235978037    
        1900        1100  0.188782439    
        2000        1100  0.151025951    
        2000        1100  0.135923356    
        1900        1100  0.142719522    
        1800        1100  0.156651661    
        1700        1100  0.178416386    
        1600        1100  0.209101930    
        1500        1100  0.250242561    
        1400        1100  0.308378756    
        1300        1100  0.435929984    
        1200        1100  0.525726020    
        1100        1100  0.559571564    
        1000        1100  0.570372283    
         900        1100  0.559691668    
         800        1100  0.525972247    
         700        1100  0.436314464    
         600        1100  0.308920860    
         500        1100  0.250969380    
         400        1100  0.210049808    
         300        1100  0.179632723    
         200        1100  0.158197284    
         100        1100  0.144671693    
           0        1100  0.138379693    
           0        1200  0.120774902    
         100        1200   9.66199264E-02
         200        1200   7.72959441E-02
         300        1200   6.18367568E-02
         400        1200   4.94694076E-02
         500        1200   3.95755284E-02
         600        1200   3.31224129E-02
         700        1200   8.27357471E-02
         800        1200  0.239970267    
         900        1200  0.389929414    
        1000        1200  0.511261225    
        1100        1200  0.606962204    
        1200        1200  0.659351468    
        1300        1200  0.583719015    
        1400        1200  0.468437225    
        1500        1200  0.374749780    
        1600        1200  0.299799830    
        1700        1200  0.239839867    
        1800        1200  0.191871896    
        1900        1200  0.153497517    
        2000        1200  0.122798018    
        2000        1200  0.110518217    
        1900        1200  0.116044126    
        1800        1200  0.127372235    
        1700        1200  0.145068973    
        1600        1200  0.170019150    
        1500        1200  0.203470275    
        1400        1200  0.247825921    
        1300        1200  0.330864251    
        1200        1200  0.447770357    
        1100        1200  0.496933430    
        1000        1200  0.510051310    
         900        1200  0.497477829    
         800        1200  0.448886484    
         700        1200  0.332607895    
         600        1200  0.250284255    
         500        1200  0.206766203    
         400        1200  0.174317464    
         300        1200  0.150584593    
         200        1200  0.134380937    
         100        1200  0.124896348    
           0        1200  0.121656552    
           0        1300   9.80305672E-02
         100        1300   7.84244537E-02
         200        1300   6.27395660E-02
         300        1300   5.01916520E-02
         400        1300   4.01533209E-02
         500        1300   3.21226567E-02
         600        1300   2.56981254E-02
         700        1300   2.60165893E-02
         800        1300   7.70510882E-02
         900        1300  0.192050248    
        1000        1300  0.302470595    
        1100        1300  0.372385830    
        1200        1300  0.354146481    
        1300        1300  0.288775265    
        1400        1300  0.231020212    
        1500        1300  0.184816167    
        1600        1300  0.147852942    
        1700        1300  0.118282355    
        1800        1300   9.46258828E-02
        1900        1300   7.57007077E-02
        2000        1300   6.05605654E-02
        2000        1300   5.45045100E-02
        1900        1300   5.72297350E-02
        1800        1300   6.28164485E-02
        1700        1300   7.15439841E-02
        1600        1300   8.38487148E-02
        1500        1300  0.100345880    
        1400        1300  0.121860340    
        1300        1300  0.152196869    
        1200        1300  0.211439535    
        1100        1300  0.278890669    
        1000        1300  0.299808681    
         900        1300  0.280088484    
         800        1300  0.213895172    
         700        1300  0.156033024    
         600        1300  0.127268851    
         500        1300  0.107597165    
         400        1300   9.33053344E-02
         300        1300   8.36787671E-02
         200        1300   7.82361329E-02
         100        1300   7.67053068E-02
           0        1300   7.90097490E-02
           0        1400   4.79911491E-02
         100        1400   3.83929200E-02
         200        1400   3.07143368E-02
         300        1400   2.45714691E-02
         400        1400   1.96571760E-02
         500        1400   1.57257412E-02
         600        1400   1.25805931E-02
         700        1400   1.00644743E-02
         800        1400   9.51356813E-03
         900        1400   1.65777151E-02
        1000        1400   2.55428739E-02
        1100        1400   2.94011608E-02
        1200        1400   2.49829181E-02
        1300        1400   1.99863352E-02
        1400        1400   1.59890689E-02
        1500        1400   1.27912555E-02
        1600        1400   1.02330046E-02
        1700        1400   8.18640366E-03
        1800        1400   6.54912321E-03
        1900        1400   5.23929857E-03
        2000        1400   4.19143913E-03
        2000        1400   3.77229508E-03
        1900        1400   3.96090979E-03
        1800        1400   4.34757024E-03
        1700        1400   4.95160837E-03
        1600        1400   5.80322742E-03
        1500        1400   6.94500795E-03
        1400        1400   8.43403861E-03
        1300        1400   1.03447707E-02
        1200        1400   1.35037350E-02
        1100        1400   1.99938323E-02
        1000        1400   2.31463891E-02
         900        1400   2.10722499E-02
         800        1400   1.57144926E-02
         700        1400   1.37984045E-02
         600        1400   1.33032296E-02
         500        1400   1.34732174E-02
         400        1400   1.43168662E-02
         300        1400   1.58763565E-02
         200        1400   1.82296671E-02
         100        1400   2.14944575E-02
           0        1400   2.58339737E-02
           0        1500   2.94143776E-03
         100        1500   2.35315016E-03
         200        1500   1.88252016E-03
         300        1500   1.50601612E-03
         400        1500   1.20481290E-03
         500        1500   9.63850354E-04
         600        1500   7.71080318E-04
         700        1500   6.16864243E-04
         800        1500   4.93491418E-04
         900        1500   3.94793140E-04
        1000        1500   3.15834506E-04
        1100        1500   2.52667611E-04
        1200        1500   2.02134092E-04
        1300        1500   1.61707270E-04
        1400        1500   1.29365813E-04
        1500        1500   1.03492654E-04
        1600        1500   8.27941258E-05
        1700        1500   6.62353050E-05
        1800        1500   5.29882454E-05
        1900        1500   4.23905985E-05
        2000        1500   3.39124781E-05
        2000        1500   3.05212307E-05
        1900        1500   3.20472936E-05
        1800        1500   3.51757189E-05
        1700        1500   4.00629287E-05
        1600        1500   4.69532824E-05
        1500        1500   5.61913039E-05
        1400        1500   6.82388854E-05
        1300        1500   8.36984182E-05
        1200        1500   1.03342871E-04
        1100        1500   1.28154468E-04
        1000        1500   1.59373783E-04
         900        1500   1.98561800E-04
         800        1500   2.47677875E-04
         700        1500   3.09177878E-04
         600        1500   3.86136759E-04
         500        1500   4.82402451E-04
         400        1500   6.02788292E-04
         300        1500   7.53313536E-04
         200        1500   9.41504433E-04
         100        1500   1.17677054E-03
           0        1500   1.47087523E-03
           0        1600   2.50229988E-07
         100        1600   2.00183990E-07
         200        1600   1.60147195E-07
         300        1600   1.28117762E-07
         400        1600   1.02494212E-07
         500        1600   8.19953740E-08
         600        1600   6.55963035E-08
         700        1600   5.24770449E-08
         800        1600   4.19816359E-08
         900        1600   3.35853088E-08
        1000        1600   2.68682481E-08
        1100        1600   2.14945981E-08
        1200        1600   1.71956795E-08
        1300        1600   1.37565435E-08
        1400        1600   1.10052349E-08
        1500        1600   8.80418849E-09
        1600        1600   7.04335079E-09
        1700        1600   5.63468072E-09
        1800        1600   4.50774484E-09
        1900        1600   3.60619601E-09
        2000        1600   2.88495694E-09
        2000        1600   2.59646127E-09
        1900        1600   2.72628431E-09
        1800        1600   2.99242142E-09
        1700        1600   3.40817952E-09
        1600        1600   3.99434663E-09
        1500        1600   4.78023132E-09
        1400        1600   5.80512705E-09
        1300        1600   7.12027948E-09
        1200        1600   8.79144579E-09
        1100        1600   1.09021840E-08
        1000        1600   1.35580320E-08
         900        1600   1.68917804E-08
         800        1600   2.10701199E-08
         700        1600   2.63019633E-08
         600        1600   3.28489058E-08
         500        1600   4.10382874E-08
         400        1600   5.12795886E-08
         300        1600   6.40848654E-08
         200        1600   8.00943880E-08
         100        1600   1.00108629E-07
           0        1600   1.25128295E-07
           0        1700   2.12872324E-11
         100        1700   1.70297856E-11
         200        1700   1.36238286E-11
         300        1700   1.08990629E-11
         400        1700   8.71925015E-12
         500        1700   6.97540029E-12
         600        1700   5.58032049E-12
         700        1700   4.46425666E-12
         800        1700   3.57140532E-12
         900        1700   2.85712426E-12
        1000        1700   2.28569941E-12
        1100        1700   1.82855966E-12
        1200        1700   1.46284775E-12
        1300        1700   1.17027818E-12
        1400        1700   9.36222562E-13
        1500        1700   7.48978082E-13
        1600        1700   5.99182487E-13
        1700        1700   4.79346001E-13
        1800        1700   3.83476806E-13
        1900        1700   3.06781456E-13
        2000        1700   2.45425181E-13
        2000        1700   2.20882665E-13
        1900        1700   2.31926782E-13
        1800        1700   2.54567255E-13
        1700        1700   2.89936071E-13
        1600        1700   3.39801700E-13
        1500        1700   4.06657401E-13
        1400        1700   4.93845958E-13
        1300        1700   6.05726840E-13
        1200        1700   7.47894097E-13
        1100        1700   9.27456029E-13
        1000        1700   1.15339064E-12
         900        1700   1.43699484E-12
         800        1700   1.79244889E-12
         700        1700   2.23752527E-12
         600        1700   2.79447776E-12
         500        1700   3.49115420E-12
         400        1700   4.36238849E-12
         300        1700   5.45174192E-12
         200        1700   6.81368286E-12
         100        1700   8.51630745E-12
           0        1700   1.06447481E-11
           0        1800   1.81091896E-15
         100        1800   1.44873519E-15
         200        1800   1.15898819E-15
         300        1800   9.27190534E-16
         400        1800   7.41752416E-16
         500        1800   5.93401954E-16
         600        1800   4.74721574E-16
         700        1800   3.79777254E-16
         800        1800   3.03821798E-16
         900        1800   2.43057454E-16
        1000        1800   1.94445969E-16
        1100        1800   1.55556780E-16
        1200        1800   1.24445432E-16
        1300        1800   9.95563483E-17
        1400        1800   7.96450787E-17
        1500        1800   6.37160616E-17
        1600        1800   5.09728513E-17
        1700        1800   4.07782804E-17
        1800        1800   3.26226236E-17
        1900        1800   2.60980992E-17
        2000        1800   2.08784804E-17
        2000        1800   1.87906318E-17
        1900        1800   1.97301634E-17
        1800        1800   2.16562039E-17
        1700        1800   2.46650535E-17
        1600        1800   2.89071566E-17
        1500        1800   3.45946156E-17
        1400        1800   4.20118085E-17
        1300        1800   5.15295868E-17
        1200        1800   6.36238475E-17
        1100        1800   7.88992926E-17
        1000        1800   9.81197077E-17
         900        1800   1.22246111E-16
         800        1800   1.52484803E-16
         700        1800   1.90347745E-16
         600        1800   2.37728082E-16
         500        1800   2.96994818E-16
         400        1800   3.71111286E-16
         300        1800   4.63783308E-16
         200        1800   5.79644551E-16
         100        1800   7.24487926E-16
           0        1800   9.05555724E-16
           0        1900   1.54056069E-19
         100        1900   1.23244858E-19
         200        1900   9.85958900E-20
         300        1900   7.88767120E-20
         400        1900   6.31013696E-20
         500        1900   5.04810976E-20
         600        1900   4.03848801E-20
         700        1900   3.23079040E-20
         800        1900   2.58463229E-20
         900        1900   2.06770580E-20
        1000        1900   1.65416461E-20
        1100        1900   1.32333170E-20
        1200        1900   1.05866541E-20
        1300        1900   8.46932377E-21
        1400        1900   6.77545902E-21
        1500        1900   5.42036713E-21
        1600        1900   4.33629362E-21
        1700        1900   3.46903514E-21
        1800        1900   2.77522811E-21
        1900        1900   2.22018245E-21
        2000        1900   1.77614600E-21
        2000        1900   1.59853138E-21
        1900        1900   1.67845791E-21
        1800        1900   1.84230753E-21
        1700        1900   2.09827226E-21
        1600        1900   2.45915061E-21
        1500        1900   2.94298664E-21
        1400        1900   3.57397197E-21
        1300        1900   4.38365577E-21
        1200        1900   5.41252224E-21
        1100        1900   6.71201450E-21
        1000        1900   8.34710783E-21
         900        1900   1.03995570E-20
         800        1900   1.29719837E-20
         700        1900   1.61930105E-20
         600        1900   2.02236871E-20
         500        1900   2.52655452E-20
         400        1900   3.15706826E-20
         300        1900   3.94543536E-20
         200        1900   4.93107437E-20
         100        1900   6.16326652E-20
           0        1900   7.70362287E-20
           0        2000   1.31056507E-23
         100        2000   1.04845207E-23
         200        2000   8.38761643E-24
         300        2000   6.71009346E-24
         400        2000   5.36807500E-24
         500        2000   4.29446016E-24
         600        2000   3.43556813E-24
         700        2000   2.74845450E-24
         800        2000   2.19876360E-24
         900        2000   1.75901092E-24
        1000        2000   1.40720874E-24
        1100        2000   1.12576703E-24
        1200        2000   9.00613603E-25
        1300        2000   7.20490873E-25
        1400        2000   5.76392708E-25
        1500        2000   4.61114196E-25
        1600        2000   3.68891352E-25
        1700        2000   2.95113087E-25
        1800        2000   2.36090464E-25
        1900        2000   1.88872369E-25
        2000        2000   1.51097900E-25
        2000        2000   1.35988108E-25
        1900        2000   1.42787522E-25
        1800        2000   1.56726299E-25
        1700        2000   1.78501400E-25
        1600        2000   2.09201549E-25
        1500        2000   2.50361796E-25
        1400        2000   3.04040108E-25
        1300        2000   3.72920459E-25
        1200        2000   4.60446820E-25
        1100        2000   5.70995519E-25
        1000        2000   7.10093982E-25
         900        2000   8.84697151E-25
         800        2000   1.10353515E-24
         700        2000   1.37754993E-24
         600        2000   1.72044213E-24
         500        2000   2.14935665E-24
         400        2000   2.68573868E-24
         300        2000   3.35640751E-24
         200        2000   4.19489684E-24
         100        2000   5.24313127E-24
           0        2000   6.55352232E-24
