20 0 -0.28801882
19 0 -0.28605053
18 0 -0.28351802
17 0 -0.28127933
16 0 -0.27918947
15 0 -0.27685177
14 0 -0.27494353
13 0 -0.27279067
12 0 -0.27071166
11 0 -0.26870736
10 0 -0.266627
9 0 -0.2639413
8 0 -0.26348168
7 0 -0.26174644
6 0 -0.26021087
5 0 -0.25860992
4 0 -0.25711244
3 0 -0.25558203
2 0 -0.25385225
1 0 -0.25187665
0 0 -0.24921367
20 1 -0.3191498
19 1 -0.31728098
18 1 -0.31481084
17 1 -0.31284022
16 1 -0.3110658
15 1 -0.3092838
14 1 -0.3076042
13 1 -0.30613983
12 1 -0.30486965
11 1 -0.30373156
10 1 -0.30234104
9 1 -0.3010539
8 1 -0.29993024
7 1 -0.29870647
6 1 -0.29799637
5 1 -0.29722148
4 1 -0.29571068
3 1 -0.29493678
2 1 -0.29433322
1 1 -0.29448095
0 1 -0.2942009
20 2 -0.3163138
19 2 -0.31499797
18 2 -0.31295657
17 2 -0.31112036
16 2 -0.31000987
15 2 -0.30865902
14 2 -0.30737323
13 2 -0.306221
12 2 -0.30519938
11 2 -0.30453432
10 2 -0.30381238
9 2 -0.3030421
8 2 -0.30244115
7 2 -0.3021085
6 2 -0.30117553
5 2 -0.3013232
4 2 -0.3010179
3 2 -0.3006668
2 2 -0.30035812
1 2 -0.2999836
0 2 -0.29979587
20 3 -0.30636114
19 3 -0.30529237
18 3 -0.30335718
17 3 -0.30254954
16 3 -0.30178636
15 3 -0.30103976
14 3 -0.30037582
13 3 -0.29983002
12 3 -0.2994665
11 3 -0.29916537
10 3 -0.29891348
9 3 -0.298894
8 3 -0.29877168
7 3 -0.29882807
6 3 -0.29892707
5 3 -0.29903948
4 3 -0.29916778
3 3 -0.2992746
2 3 -0.29945624
1 3 -0.29953352
0 3 -0.29974103
20 4 -0.2994426
19 4 -0.29942143
18 4 -0.2985656
17 4 -0.29796207
16 4 -0.29734182
15 4 -0.29668337
14 4 -0.2960651
13 4 -0.29566628
12 4 -0.2953496
11 4 -0.2951808
10 4 -0.29535303
9 4 -0.2952296
8 4 -0.29536623
7 4 -0.29566628
6 4 -0.29609448
5 4 -0.29654628
4 4 -0.2971564
3 4 -0.29763383
2 4 -0.29815054
1 4 -0.29863176
0 4 -0.29905877
20 5 -0.30027622
19 5 -0.2994666
18 5 -0.29849565
17 5 -0.29766813
16 5 -0.29699442
15 5 -0.2962876
14 5 -0.29561207
13 5 -0.29516393
12 5 -0.29485852
11 5 -0.29457238
10 5 -0.29462364
9 5 -0.2943818
8 5 -0.29456675
7 5 -0.2949115
6 5 -0.29539585
5 5 -0.29588866
4 5 -0.29655933
3 5 -0.2973261
2 5 -0.29791594
1 5 -0.29868987
0 5 -0.29921305
20 6 -0.2986248
19 6 -0.298544
18 6 -0.29727995
17 6 -0.29665187
16 6 -0.29596573
15 6 -0.29526573
14 6 -0.2946393
13 6 -0.294036
12 6 -0.2936355
11 6 -0.293404
10 6 -0.2932357
9 6 -0.2931881
8 6 -0.29340827
7 6 -0.29391772
6 6 -0.2946456
5 6 -0.29528612
4 6 -0.29613906
3 6 -0.29704887
2 6 -0.29787588
1 6 -0.29878753
0 6 -0.2993709
20 7 -0.29817656
19 7 -0.29687014
18 7 -0.29604566
17 7 -0.29517567
16 7 -0.29465783
15 7 -0.2939713
14 7 -0.2933884
13 7 -0.29260457
12 7 -0.291816
11 7 -0.29131928
10 7 -0.29085845
9 7 -0.29065838
8 7 -0.2909565
7 7 -0.29162115
6 7 -0.29255366
5 7 -0.29344904
4 7 -0.29453355
3 7 -0.29562208
2 7 -0.29667348
1 7 -0.29768902
0 7 -0.2985893
20 8 -0.29675686
19 8 -0.29576784
18 8 -0.29486853
17 8 -0.29405442
16 8 -0.29326743
15 8 -0.29239094
14 8 -0.29141635
13 8 -0.29025185
12 8 -0.2890386
11 8 -0.2879546
10 8 -0.28673524
9 8 -0.2862075
8 8 -0.2867263
7 8 -0.28798854
6 8 -0.28951627
5 8 -0.29106474
4 8 -0.29260847
3 8 -0.29404575
2 8 -0.29536623
1 8 -0.29678774
0 8 -0.2978694
20 9 -0.2956686
19 9 -0.2948336
18 9 -0.29364538
17 9 -0.2927834
16 9 -0.29174897
15 9 -0.29081827
14 9 -0.2895258
13 9 -0.28786498
12 9 -0.28558102
11 9 -0.28345123
10 9 -0.28095585
9 9 -0.27962318
8 9 -0.28076577
7 9 -0.28358588
6 9 -0.28707385
5 9 -0.289293
4 9 -0.29140046
3 9 -0.29334116
2 9 -0.2948767
1 9 -0.29643518
0 9 -0.2976824
20 10 -0.29535437
19 10 -0.29430065
18 10 -0.29321128
17 10 -0.2922723
16 10 -0.29130208
15 10 -0.2900855
14 10 -0.28858036
13 10 -0.28645188
12 10 -0.2836026
11 10 -0.2793494
10 10 -0.27519327
9 10 -0.27350527
8 10 -0.27531305
7 10 -0.28054178
6 10 -0.28433442
5 10 -0.28765944
4 10 -0.29090804
3 10 -0.29350132
2 10 -0.29513294
1 10 -0.29694313
0 10 -0.2979977
20 11 -0.29670316
19 11 -0.29557413
18 11 -0.29450965
17 11 -0.2935051
16 11 -0.2923453
15 11 -0.29101592
14 11 -0.2894285
13 11 -0.2870708
12 11 -0.2834101
11 11 -0.27849644
10 11 -0.2735624
9 11 -0.2715299
8 11 -0.27382863
7 11 -0.27897936
6 11 -0.28443757
5 11 -0.28889465
4 11 -0.2922275
3 11 -0.29480907
2 11 -0.29663405
1 11 -0.2984932
0 11 -0.29995906
20 12 -0.30182847
19 12 -0.30066416
18 12 -0.29939812
17 12 -0.29844987
16 12 -0.29734892
15 12 -0.29592896
14 12 -0.294519
13 12 -0.29209918
12 12 -0.2885486
11 12 -0.28365535
10 12 -0.278656
9 12 -0.27696055
8 12 -0.27910948
7 12 -0.2840455
6 12 -0.28983414
5 12 -0.294102
4 12 -0.2971266
3 12 -0.2994907
2 12 -0.30134714
1 12 -0.3026676
0 12 -0.30360755
20 13 -0.30859947
19 13 -0.30751386
18 13 -0.30647197
17 13 -0.30537796
16 13 -0.30430508
15 13 -0.30302855
14 13 -0.30173546
13 13 -0.29998642
12 13 -0.29735073
11 13 -0.29400903
10 13 -0.28995025
9 13 -0.28877324
8 13 -0.2910843
7 13 -0.29476047
6 13 -0.29853165
5 13 -0.30178818
4 13 -0.30436438
3 13 -0.30658942
2 13 -0.30825275
1 13 -0.3096898
0 13 -0.31065744
20 14 -0.3179548
19 14 -0.3169945
18 14 -0.31604427
17 14 -0.31504828
16 14 -0.31372538
15 14 -0.31297356
14 14 -0.31254616
13 14 -0.31138122
12 14 -0.30967832
11 14 -0.3077668
10 14 -0.30597746
9 14 -0.3053383
8 14 -0.30658612
7 14 -0.30890208
6 14 -0.31123218
5 14 -0.3135424
4 14 -0.31565022
3 14 -0.31743369
2 14 -0.3189431
1 14 -0.32112026
0 14 -0.3218692
20 15 -0.335104
19 15 -0.3346035
18 15 -0.33271247
17 15 -0.33176923
16 15 -0.33082378
15 15 -0.33009428
14 15 -0.3292858
13 15 -0.32880837
12 15 -0.32768226
11 15 -0.32676598
10 15 -0.32628208
9 15 -0.3261401
8 15 -0.32688648
7 15 -0.3282626
6 15 -0.3301807
5 15 -0.3313563
4 15 -0.3336942
3 15 -0.335855
2 15 -0.33663625
1 15 -0.3368168
0 15 -0.33796877
20 16 -0.35271782
19 16 -0.35178077
18 16 -0.351202
17 16 -0.35006762
16 16 -0.3494581
15 16 -0.3485754
14 16 -0.34820795
13 16 -0.34771064
12 16 -0.34748483
11 16 -0.34752008
10 16 -0.34665483
9 16 -0.3467077
8 16 -0.34774372
7 16 -0.3480339
6 16 -0.34870797
5 16 -0.34923178
4 16 -0.34966063
3 16 -0.35071385
2 16 -0.35143715
1 16 -0.3517534
0 16 -0.35144484
20 17 -0.3632897
19 17 -0.3624506
18 17 -0.36149538
17 17 -0.36051723
16 17 -0.35957545
15 17 -0.35874426
14 17 -0.35806298
13 17 -0.35751998
12 17 -0.356936
11 17 -0.35645896
10 17 -0.35603926
9 17 -0.35569113
8 17 -0.3554427
7 17 -0.3552762
6 17 -0.3550092
5 17 -0.35485798
4 17 -0.35485452
3 17 -0.3548984
2 17 -0.35479277
1 17 -0.35454583
0 17 -0.3541861
20 18 -0.3503502
19 18 -0.3499121
18 18 -0.34946713
17 18 -0.34911263
16 18 -0.34880453
15 18 -0.3484505
14 18 -0.3482833
13 18 -0.34809798
12 18 -0.34793282
11 18 -0.34793442
10 18 -0.34799397
9 18 -0.34840572
8 18 -0.34816754
7 18 -0.34809628
6 18 -0.34820598
5 18 -0.34835923
4 18 -0.34855574
3 18 -0.3484261
2 18 -0.348822
1 18 -0.34894943
0 18 -0.34897104
20 19 -0.34786642
19 19 -0.34749997
18 19 -0.3471098
17 19 -0.34678522
16 19 -0.3465894
15 19 -0.34622282
14 19 -0.34605336
13 19 -0.3460009
12 19 -0.34584296
11 19 -0.34575528
10 19 -0.3457184
9 19 -0.3457078
8 19 -0.34571463
7 19 -0.34569538
6 19 -0.34571305
5 19 -0.3457895
4 19 -0.34582
3 19 -0.3459096
2 19 -0.34598735
1 19 -0.34610492
0 19 -0.3468206
20 20 -0.34865928
19 20 -0.34833038
18 20 -0.348044
17 20 -0.34781513
16 20 -0.34876168
15 20 -0.34720844
14 20 -0.34713554
13 20 -0.34707844
12 20 -0.347165
11 20 -0.34712422
10 20 -0.34706366
9 20 -0.34703654
8 20 -0.34745955
7 20 -0.34702194
6 20 -0.34838104
5 20 -0.3473171
4 20 -0.3470949
3 20 -0.34686738
2 20 -0.34692156
1 20 -0.34633332
0 20 -0.34574392
