           0           0   0.00000000    
         100           0   0.00000000    
         200           0   0.00000000    
         300           0   0.00000000    
         400           0   0.00000000    
         500           0   0.00000000    
         600           0   0.00000000    
         700           0   0.00000000    
         800           0   0.00000000    
         900           0   0.00000000    
        1000           0   0.00000000    
        1100           0   0.00000000    
        1200           0   0.00000000    
        1300           0   0.00000000    
        1400           0   0.00000000    
        1500           0   0.00000000    
        1600           0   0.00000000    
        1700           0   0.00000000    
        1800           0   0.00000000    
        1900           0   0.00000000    
        2000           0   0.00000000    
           0         100   0.00000000    
         100         100   0.00000000    
         200         100   0.00000000    
         300         100   0.00000000    
         400         100   0.00000000    
         500         100   0.00000000    
         600         100   0.00000000    
         700         100   0.00000000    
         800         100   0.00000000    
         900         100   0.00000000    
        1000         100   0.00000000    
        1100         100   0.00000000    
        1200         100   0.00000000    
        1300         100   0.00000000    
        1400         100   0.00000000    
        1500         100   0.00000000    
        1600         100   0.00000000    
        1700         100   0.00000000    
        1800         100   0.00000000    
        1900         100   0.00000000    
        2000         100   0.00000000    
           0         200   0.00000000    
         100         200   0.00000000    
         200         200   0.00000000    
         300         200   0.00000000    
         400         200   0.00000000    
         500         200   0.00000000    
         600         200   0.00000000    
         700         200   0.00000000    
         800         200   0.00000000    
         900         200   0.00000000    
        1000         200   0.00000000    
        1100         200   0.00000000    
        1200         200   0.00000000    
        1300         200   0.00000000    
        1400         200   0.00000000    
        1500         200   0.00000000    
        1600         200   0.00000000    
        1700         200   0.00000000    
        1800         200   0.00000000    
        1900         200   0.00000000    
        2000         200   0.00000000    
           0         300   0.00000000    
         100         300   0.00000000    
         200         300   0.00000000    
         300         300   0.00000000    
         400         300   0.00000000    
         500         300   0.00000000    
         600         300   0.00000000    
         700         300   0.00000000    
         800         300   0.00000000    
         900         300   0.00000000    
        1000         300   0.00000000    
        1100         300   0.00000000    
        1200         300   0.00000000    
        1300         300   0.00000000    
        1400         300   0.00000000    
        1500         300   0.00000000    
        1600         300   0.00000000    
        1700         300   0.00000000    
        1800         300   0.00000000    
        1900         300   0.00000000    
        2000         300   0.00000000    
           0         400   0.00000000    
         100         400   0.00000000    
         200         400   0.00000000    
         300         400   0.00000000    
         400         400   0.00000000    
         500         400   0.00000000    
         600         400   0.00000000    
         700         400   0.00000000    
         800         400   0.00000000    
         900         400   0.00000000    
        1000         400   0.00000000    
        1100         400   0.00000000    
        1200         400   0.00000000    
        1300         400   0.00000000    
        1400         400   0.00000000    
        1500         400   0.00000000    
        1600         400   0.00000000    
        1700         400   0.00000000    
        1800         400   0.00000000    
        1900         400   0.00000000    
        2000         400   0.00000000    
           0         500   0.00000000    
         100         500   0.00000000    
         200         500   0.00000000    
         300         500   0.00000000    
         400         500   0.00000000    
         500         500   0.00000000    
         600         500   0.00000000    
         700         500   0.00000000    
         800         500   0.00000000    
         900         500   0.00000000    
        1000         500   0.00000000    
        1100         500   0.00000000    
        1200         500   0.00000000    
        1300         500   0.00000000    
        1400         500   0.00000000    
        1500         500   0.00000000    
        1600         500   0.00000000    
        1700         500   0.00000000    
        1800         500   0.00000000    
        1900         500   0.00000000    
        2000         500   0.00000000    
           0         600   0.00000000    
         100         600   0.00000000    
         200         600   0.00000000    
         300         600   0.00000000    
         400         600   0.00000000    
         500         600   0.00000000    
         600         600   0.00000000    
         700         600   0.00000000    
         800         600  -5.84795326E-03
         900         600  -3.46978568E-02
        1000         600  -4.10136469E-02
        1100         600  -1.95555575E-02
        1200         600   1.43750478E-02
        1300         600   1.73479915E-02
        1400         600   1.38783930E-02
        1500         600   1.11027146E-02
        1600         600   8.88217147E-03
        1700         600   7.10573746E-03
        1800         600   5.68458997E-03
        1900         600   4.54767188E-03
        2000         600   3.63813760E-03
           0         700   3.55556537E-03
         100         700   2.84445239E-03
         200         700   2.27556191E-03
         300         700   1.82044960E-03
         400         700   1.45635975E-03
         500         700   1.16508780E-03
         600         700   9.32070252E-04
         700         700  -2.10867040E-02
         800         700 -0.219988272    
         900         700 -0.472676814    
        1000         700 -0.451825678    
        1100         700 -0.287776321    
        1200         700   6.64651096E-02
        1300         700  0.256290972    
        1400         700  0.226865157    
        1500         700  0.181492135    
        1600         700  0.145193711    
        1700         700  0.116154969    
        1800         700   9.29239765E-02
        1900         700   7.43391812E-02
        2000         700   5.94713464E-02
           0         800   5.78088537E-02
         100         800   4.62470837E-02
         200         800   3.69976684E-02
         300         800   2.95981355E-02
         400         800   2.36785095E-02
         500         800   1.89428087E-02
         600         800   9.30629484E-03
         700         800 -0.211658284    
         800         800 -0.639502108    
         900         800 -0.608287811    
        1000         800 -0.492088377    
        1100         800 -0.388212621    
        1200         800 -0.213883996    
        1300         800  0.299068272    
        1400         800  0.458357960    
        1500         800  0.372534335    
        1600         800  0.298027486    
        1700         800  0.238421991    
        1800         800  0.190737590    
        1900         800  0.152590081    
        2000         800  0.122072063    
           0         900  0.117361538    
         100         900   9.38892290E-02
         200         900   7.51113817E-02
         300         900   6.00891076E-02
         400         900   4.80712876E-02
         500         900   3.84570323E-02
         600         900  -5.10182232E-03
         700         900 -0.489851475    
         800         900 -0.662056625    
         900         900 -0.537832439    
        1000         900 -0.430265963    
        1100         900 -0.344212770    
        1200         900 -0.267183065    
        1300         900   5.64289689E-02
        1400         900  0.530913174    
        1500         900  0.460597992    
        1600         900  0.368478388    
        1700         900  0.294782728    
        1800         900  0.235826179    
        1900         900  0.188660949    
        2000         900  0.150928766    
           0        1000  0.143888593    
         100        1000  0.115110874    
         200        1000   9.20886993E-02
         300        1000   7.36709610E-02
         400        1000   5.89367710E-02
         500        1000   4.71494161E-02
         600        1000  -1.14032738E-02
         700        1000 -0.555321455    
         800        1000 -0.646206498    
         900        1000 -0.519694269    
        1000        1000 -0.415755391    
        1100        1000 -0.332604289    
        1200        1000 -0.263354421    
        1300        1000  -8.73422623E-03
        1400        1000  0.539211452    
        1500        1000  0.480491966    
        1600        1000  0.384393573    
        1700        1000  0.307514876    
        1800        1000  0.246011898    
        1900        1000  0.196809515    
        2000        1000  0.157447621    
           0        1100  0.149783447    
         100        1100  0.119826756    
         200        1100   9.58614051E-02
         300        1100   7.66891241E-02
         400        1100   6.13512993E-02
         500        1100   4.90810387E-02
         600        1100   3.39738280E-03
         700        1100 -0.483052075    
         800        1100 -0.656617105    
         900        1100 -0.533480823    
        1000        1100 -0.426784635    
        1100        1100 -0.341427684    
        1200        1100 -0.264954984    
        1300        1100   5.82114458E-02
        1400        1100  0.532339156    
        1500        1100  0.461738795    
        1600        1100  0.369391054    
        1700        1100  0.295512855    
        1800        1100  0.236410290    
        1900        1100  0.189128235    
        2000        1100  0.151302591    
           0        1200  0.144130692    
         100        1200  0.115304552    
         200        1200   9.22436416E-02
         300        1200   7.37949163E-02
         400        1200   5.90359345E-02
         500        1200   4.72287498E-02
         600        1200   3.19350436E-02
         700        1200 -0.193555281    
         800        1200 -0.625019729    
         900        1200 -0.596701920    
        1000        1200 -0.482819676    
        1100        1200 -0.380797625    
        1200        1200 -0.207951963    
        1300        1200  0.303813934    
        1400        1200  0.462154478    
        1500        1200  0.375571549    
        1600        1200  0.300457239    
        1700        1200  0.240365788    
        1800        1200  0.192292631    
        1900        1200  0.153834105    
        2000        1200  0.123067282    
           0        1300  0.118006192    
         100        1300   9.44049582E-02
         200        1300   7.55239651E-02
         300        1300   6.04191720E-02
         400        1300   4.83353399E-02
         500        1300   3.86682712E-02
         600        1300   3.09346169E-02
         700        1300   2.91533396E-03
         800        1300 -0.200786635    
         900        1300 -0.457315505    
        1000        1300 -0.439536631    
        1100        1300 -0.277945101    
        1200        1300   7.43300915E-02
        1300        1300  0.262582958    
        1400        1300  0.231898740    
        1500        1300  0.185518995    
        1600        1300  0.148415193    
        1700        1300  0.118732154    
        1800        1300   9.49857235E-02
        1900        1300   7.59885833E-02
        2000        1300   6.07908666E-02
           0        1400   5.86635880E-02
         100        1400   4.69308719E-02
         200        1400   3.75446975E-02
         300        1400   3.00357584E-02
         400        1400   2.40286067E-02
         500        1400   1.92228854E-02
         600        1400   1.53783085E-02
         700        1400   1.23026473E-02
         800        1400   3.99416499E-03
         900        1400  -2.68241614E-02
        1000        1400  -3.47146913E-02
        1100        1400  -1.45163927E-02
        1200        1400   1.84063800E-02
        1300        1400   2.05730572E-02
        1400        1400   1.64584462E-02
        1500        1400   1.31667573E-02
        1600        1400   1.05334064E-02
        1700        1400   8.42672493E-03
        1800        1400   6.74137985E-03
        1900        1400   5.39310416E-03
        2000        1400   4.31448361E-03
           0        1500   3.99369374E-03
         100        1500   3.19495494E-03
         200        1500   2.55596405E-03
         300        1500   2.04477133E-03
         400        1500   1.63581711E-03
         500        1500   1.30865374E-03
         600        1500   1.04692299E-03
         700        1500   8.37538391E-04
         800        1500   6.70030713E-04
         900        1500   5.36024570E-04
        1000        1500   4.28819651E-04
        1100        1500   3.43055726E-04
        1200        1500   2.74444581E-04
        1300        1500   2.19555674E-04
        1400        1500   1.75644542E-04
        1500        1500   1.40515636E-04
        1600        1500   1.12412512E-04
        1700        1500   8.99300139E-05
        1800        1500   7.19440141E-05
        1900        1500   5.75552112E-05
        2000        1500   4.60441697E-05
           0        1600   2.98266095E-05
         100        1600   2.38612884E-05
         200        1600   1.90890314E-05
         300        1600   1.52712255E-05
         400        1600   1.22169804E-05
         500        1600   9.77358468E-06
         600        1600   7.81886774E-06
         700        1600   6.25509438E-06
         800        1600   5.00407577E-06
         900        1600   4.00326053E-06
        1000        1600   3.20260847E-06
        1100        1600   2.56208682E-06
        1200        1600   2.04966955E-06
        1300        1600   1.63973561E-06
        1400        1600   1.31178854E-06
        1500        1600   1.04943081E-06
        1600        1600   8.39544668E-07
        1700        1600   6.71635746E-07
        1800        1600   5.37308608E-07
        1900        1600   4.29846892E-07
        2000        1600   3.43877531E-07
           0        1700   2.22757834E-07
         100        1700   1.78206264E-07
         200        1700   1.42565014E-07
         300        1700   1.14052014E-07
         400        1700   9.12416098E-08
         500        1700   7.29932879E-08
         600        1700   5.83946296E-08
         700        1700   4.67157051E-08
         800        1700   3.73725655E-08
         900        1700   2.98980538E-08
        1000        1700   2.39184441E-08
        1100        1700   1.91347560E-08
        1200        1700   1.53078048E-08
        1300        1700   1.22462440E-08
        1400        1700   9.79699522E-09
        1500        1700   7.83759635E-09
        1600        1700   6.27007735E-09
        1700        1700   5.01606179E-09
        1800        1700   4.01284961E-09
        1900        1700   3.21027982E-09
        2000        1700   2.56822386E-09
           0        1800   1.66365022E-09
         100        1800   1.33092015E-09
         200        1800   1.06473619E-09
         300        1800   8.51788973E-10
         400        1800   6.81431189E-10
         500        1800   5.45144985E-10
         600        1800   4.36116004E-10
         700        1800   3.48892804E-10
         800        1800   2.79114259E-10
         900        1800   2.23291413E-10
        1000        1800   1.78633136E-10
        1100        1800   1.42906506E-10
        1200        1800   1.14325209E-10
        1300        1800   9.14601658E-11
        1400        1800   7.31681313E-11
        1500        1800   5.85345036E-11
        1600        1800   4.68276043E-11
        1700        1800   3.74620855E-11
        1800        1800   2.99696691E-11
        1900        1800   2.39757363E-11
        2000        1800   1.91805894E-11
           0        1900   1.24248519E-11
         100        1900   9.93988138E-12
         200        1900   7.95190563E-12
         300        1900   6.36152459E-12
         400        1900   5.08921984E-12
         500        1900   4.07137605E-12
         600        1900   3.25710097E-12
         700        1900   2.60568086E-12
         800        1900   2.08454478E-12
         900        1900   1.66763586E-12
        1000        1900   1.33410871E-12
        1100        1900   1.06728699E-12
        1200        1900   8.53829594E-13
        1300        1900   6.83063686E-13
        1400        1900   5.46450960E-13
        1500        1900   4.37160778E-13
        1600        1900   3.49728628E-13
        1700        1900   2.79782897E-13
        1800        1900   2.23826315E-13
        1900        1900   1.79061057E-13
        2000        1900   1.43248843E-13
           0        2000   9.27940992E-14
         100        2000   7.42352821E-14
         200        2000   5.93882243E-14
         300        2000   4.75105795E-14
         400        2000   3.80084656E-14
         500        2000   3.04067718E-14
         600        2000   2.43254174E-14
         700        2000   1.94603346E-14
         800        2000   1.55682674E-14
         900        2000   1.24546141E-14
        1000        2000   9.96369176E-15
        1100        2000   7.97095358E-15
        1200        2000   6.37676303E-15
        1300        2000   5.10141051E-15
        1400        2000   4.08112841E-15
        1500        2000   3.26490268E-15
        1600        2000   2.61192223E-15
        1700        2000   2.08953774E-15
        1800        2000   1.67163022E-15
        1900        2000   1.33730419E-15
        2000        2000   1.06984338E-15
